AABCDEAABC0224400135,1,0,1,0,0,1,1,0,0,1,0,1,1,1,0,1,0,0,1,0,1,1,0,0,1,1,0,1,0,0,0,0,0,0,1,1,1,D,1
AABCDEAABC0224400136,1,0,1,0,0,1,1,0,0,1,0,1,1,1,0,1,0,0,1,0,1,1,0,0,1,1,0,1,0,0,0,0,0,0,1,1,0,V,1
AABCDEAABC0224400139,1,0,1,0,0,1,1,0,0,1,0,1,1,1,0,1,0,0,1,0,1,1,0,0,1,1,0,1,0,0,0,0,0,0,1,1,0,D,1
AABCDEAABC0224400145,0,0,0,0,0,0,0,0,0,0,0,0,1,1,0,1,0,0,1,1,0,1,0,0,1,0,1,0,1,0,0,0,0,0,1,1,1,D,1
AABCDEAABC0224400156,0,0,0,0,0,0,0,0,0,0,0,0,1,1,0,1,0,0,1,0,1,1,0,0,1,1,0,0,1,0,0,0,0,0,1,1,0,D,1
AABCDEAABC0225200546,1,0,1,0,0,1,1,0,0,1,0,1,1,1,0,1,0,0,1,0,1,0,1,0,1,0,1,1,0,0,0,0,0,0,1,1,1,D,1
AABCDEAABC0225200573,1,0,1,0,0,1,1,0,0,1,0,1,1,1,0,1,0,0,1,1,0,1,0,0,1,0,1,1,0,0,0,0,0,0,1,1,1,D,1
AABCDEAABC0225200577,0,0,0,0,0,0,0,0,0,0,0,0,1,1,0,1,0,0,1,1,0,0,1,0,1,0,1,0,1,0,0,0,0,0,1,1,1,D,1
AABCDEAABC0225200576,0,0,0,0,0,0,0,0,0,0,0,0,1,1,0,1,0,0,1,1,0,0,1,0,1,0,1,0,1,0,0,0,0,0,1,1,1,V,1
AABCDEAABC0225200575,0,0,0,0,0,0,0,0,0,0,0,0,1,1,0,1,0,0,1,1,0,0,1,0,1,0,1,0,1,0,0,0,0,0,1,1,0,V,1
AABCDEAABC0225200583,1,0,1,0,0,1,1,0,0,1,0,1,1,1,0,1,0,0,1,1,0,0,1,0,1,0,1,1,0,0,0,0,0,0,1,1,1,V,1
AABCDEAABC0306107113,0,0,0,0,0,0,0,0,0,0,0,0,1,1,0,1,0,0,1,0,1,0,1,0,1,0,1,0,1,0,0,0,0,0,1,1,1,D,1
AABCDECCD1019303527,1,0,1,0,1,0,1,0,0,1,0,1,1,1,0,0,1,0,1,0,1,0,1,0,1,0,1,1,0,0,0,0,0,0,1,1,1,V,1
AABCDECCD10192354,1,0,1,0,0,1,1,0,0,1,0,1,1,1,0,0,1,0,1,0,1,0,1,0,1,0,1,1,0,0,0,0,0,0,1,1,0,D,1
AABCDECCD10196359,0,0,0,0,0,0,0,0,0,0,0,0,1,1,0,0,1,0,1,0,1,1,0,0,1,0,1,0,1,0,0,0,0,0,1,1,1,D,1
AABCDECCD1020217485,0,0,0,0,0,0,0,0,0,0,0,0,1,1,0,0,1,0,1,0,1,0,1,0,1,0,1,0,1,0,0,0,0,0,1,1,1,D,1
AABCDEAABC0906406596,0,0,0,0,0,0,0,0,0,0,0,0,1,1,0,1,0,0,1,0,1,0,1,0,1,0,1,0,1,0,0,0,0,0,1,1,1,D,1
AABCDECCD1021316279,1,0,1,0,0,1,1,0,0,1,0,1,1,1,0,0,1,0,1,0,1,0,1,0,1,0,1,1,0,0,0,0,0,0,1,0,1,D,1
AABCDECCD1021218207,0,0,0,0,0,0,0,0,0,0,0,0,1,1,0,0,1,0,1,0,1,0,1,0,1,0,1,0,1,0,0,0,0,0,1,0,0,D,1
ABCCCD11261511322,1,0,1,0,0,1,0,1,0,1,0,1,1,0,1,0,1,0,1,0,1,0,1,0,1,0,1,1,0,0,0,0,0,0,1,0,1,D,1
ABCAABC01112201922,1,0,1,0,1,0,0,1,0,1,0,1,1,0,1,0,1,0,1,1,0,0,1,0,1,0,1,1,0,0,0,0,0,0,1,0,0,D,1
ABCAABC02241622378,1,0,1,0,0,1,0,1,0,1,0,1,1,0,1,0,1,0,1,0,1,0,1,0,1,0,1,1,0,0,0,0,0,0,1,0,1,V,1
AABCDEAABC0514208577,1,0,1,0,0,1,1,0,0,1,1,0,1,0,1,0,1,0,1,0,1,0,1,0,1,0,1,1,0,0,0,0,0,0,1,0,1,V,1
ABCAABC0525723369,1,0,1,0,0,1,0,1,0,1,0,1,1,0,1,0,1,0,1,0,1,0,1,0,1,0,1,1,0,0,0,0,0,0,1,0,0,D,1
ABCAABC09281481550,1,0,1,0,1,0,0,1,0,1,0,1,1,0,1,0,1,0,1,0,1,0,1,0,1,0,1,1,0,0,0,0,0,0,1,0,1,D,1
AABCDEAABC0823418777,1,0,1,0,0,1,1,0,0,1,0,1,1,1,0,0,1,0,1,1,0,0,1,0,1,0,1,1,0,0,0,0,0,0,1,1,1,V,1
AABCDEAABC0823119676,1,0,1,0,0,1,1,0,0,1,0,1,1,1,0,0,1,0,1,0,1,1,0,0,1,0,1,1,0,0,0,0,0,0,1,1,1,D,1
AABCDEAABC0823619183,1,0,1,0,1,0,1,0,0,1,0,1,1,1,0,0,1,0,1,1,0,1,0,0,1,0,1,1,0,0,0,0,0,0,1,1,1,D,1
AABCDEAABC0823719177,1,0,1,0,0,1,1,0,0,1,0,1,1,1,0,0,1,0,1,0,1,0,1,0,1,0,1,1,0,0,0,0,0,0,1,1,1,V,1
AABCDEAABC082319889,0,0,0,0,0,0,0,0,0,0,0,0,1,1,0,0,1,0,1,0,1,0,1,0,1,0,1,0,1,0,0,0,0,0,1,1,0,D,1
AABCDEAABC0823219609,0,0,0,0,0,0,0,0,0,0,0,0,1,1,0,0,1,0,1,1,0,0,1,0,1,0,1,0,1,0,0,0,0,0,1,1,0,D,1
AABCDEAABC1109706738,1,0,1,0,0,1,1,0,0,1,0,1,1,1,0,1,0,0,1,1,0,0,1,0,1,0,1,1,0,0,0,0,0,0,1,1,1,D,1
AABCDEAABC1109707257,1,0,1,0,0,1,1,0,0,1,0,1,1,1,0,1,0,0,1,1,0,0,1,0,1,0,1,1,0,0,0,0,0,0,1,1,0,V,1
AABCDEAABC1109707271,1,0,1,0,1,0,1,0,0,1,0,1,1,1,0,1,0,0,1,1,0,1,0,0,1,0,1,1,0,0,0,0,0,0,1,1,0,D,1
AABCDEAABC1109507294,1,0,1,0,0,1,1,0,0,1,0,1,1,1,0,1,0,0,1,0,1,0,1,0,1,0,1,1,0,0,0,0,0,0,1,1,1,D,1
AABCDEAABC1109407929,0,0,0,0,0,0,0,0,0,0,0,0,1,1,0,1,0,0,1,0,1,0,1,1,0,0,1,0,1,0,0,0,0,0,1,1,0,D,1
AABCDEAABC1109407930,0,0,0,0,0,0,0,0,0,0,0,0,1,1,0,1,0,0,1,0,1,0,1,1,0,0,1,0,1,0,0,0,0,0,1,1,1,V,1
AABCDEAABC1110509273,1,0,1,0,0,1,1,0,0,1,0,1,1,0,1,0,1,0,1,0,1,0,1,0,1,0,1,1,0,0,0,0,0,0,1,1,0,D,1
AABCDEAABC1111611299,1,0,1,0,0,1,1,0,0,1,1,0,1,0,1,0,1,0,1,0,1,0,1,0,1,0,1,1,0,0,0,0,0,0,1,1,0,D,1
AABCDEAABC1111511980,1,0,1,0,0,1,1,0,0,1,0,1,1,0,1,0,1,0,1,0,1,0,1,0,1,0,1,1,0,0,0,0,0,0,1,1,0,D,1
AABCDEAABC11128874,1,0,1,0,0,1,1,0,0,1,0,1,1,1,0,1,0,0,1,0,1,0,1,0,1,0,1,1,0,0,0,0,0,0,1,1,1,D,1
AABCDEAABC11128876,1,0,1,0,0,1,1,0,0,1,0,1,1,1,0,1,0,0,1,0,1,0,1,0,1,0,1,1,0,0,0,0,0,0,1,1,0,D,1
AABCDEAABC11128880,1,0,1,0,1,0,1,0,0,1,0,1,1,1,0,1,0,0,1,0,1,0,1,0,1,0,1,1,0,0,0,0,0,0,1,1,1,D,1
AABCDEAABC1112508167,1,0,1,0,1,0,1,0,0,1,0,1,1,1,0,1,0,0,1,1,0,0,1,0,1,0,1,1,0,0,0,0,0,0,1,1,0,D,1
AABCDEAABC1112308722,1,0,1,0,0,1,1,0,0,1,0,1,1,1,0,1,0,0,1,0,1,0,1,0,1,0,1,1,0,0,0,0,0,0,1,1,1,D,1
AABCDEAABC1112608403,1,0,1,0,0,1,1,0,0,1,0,1,1,1,0,1,0,0,1,0,1,0,1,0,1,0,1,1,0,0,0,0,0,0,1,1,1,V,1
AABCDEAABC1113102150,1,0,1,0,0,1,1,0,0,1,0,1,1,1,0,1,0,0,1,0,1,0,1,0,1,0,1,1,0,0,0,0,0,0,1,1,1,D,1
AABCDEAABC1113102179,0,0,0,0,0,0,0,0,0,0,0,0,1,1,0,1,0,0,1,0,1,0,1,0,1,0,1,0,1,0,0,0,0,0,1,1,0,D,1
AABCDEAABC1113102181,1,0,1,0,1,0,1,0,0,1,0,1,1,1,0,1,0,0,1,0,1,0,1,0,1,0,1,1,0,0,0,0,0,0,1,1,1,D,1
AABCDEAABC1114518420,1,0,1,0,1,0,1,0,0,1,0,1,1,1,0,1,0,0,1,0,1,0,1,0,1,0,1,1,0,0,0,0,0,0,1,1,0,D,1
AABCDEAABC1114518423,0,0,0,0,0,0,0,0,0,0,0,0,1,1,0,1,0,0,1,0,1,0,1,0,1,0,1,0,1,0,0,0,0,0,1,1,1,V,1
AABCDEAABC111419064,1,0,1,0,0,1,1,0,0,1,1,0,1,0,1,0,1,0,1,0,1,0,1,0,1,0,1,1,0,0,0,0,0,0,1,1,1,V,1
AABCDEAABC1114618661,1,0,1,0,0,1,1,0,0,1,0,1,1,0,1,0,1,0,1,1,0,0,1,0,1,0,1,1,0,0,0,0,0,0,1,1,1,V,1
AABCDEAABC111419135,1,0,1,0,0,1,1,0,0,1,0,1,1,0,1,0,1,0,1,0,1,0,1,0,1,0,1,1,0,0,0,0,0,0,1,1,1,D,1
ABCAABC11142034428,1,0,1,0,0,1,0,1,0,1,1,0,1,0,1,0,1,0,1,0,1,0,1,0,1,0,1,1,0,0,0,0,0,0,1,1,1,D,1
AABCDEAABC0119110890,1,0,1,0,1,0,1,0,0,1,0,1,1,0,1,0,1,0,1,0,1,0,1,0,1,0,1,1,0,0,0,0,0,0,1,1,0,D,1
AABCDECCD0325213737,1,0,1,0,0,1,1,0,0,1,0,1,1,1,0,1,0,0,1,1,0,0,1,0,1,0,1,1,0,0,0,0,0,0,1,1,1,D,1
AABCDECCD0325213743,1,0,1,0,0,1,1,0,0,1,0,1,1,1,0,1,0,0,1,1,0,0,1,0,1,0,1,1,0,0,0,0,0,0,1,1,1,D,1
AABCDECCD0325213747,1,0,1,0,0,1,1,0,0,1,0,1,1,1,0,1,0,0,1,1,0,1,0,0,1,0,1,1,0,0,0,0,0,0,1,1,0,D,1
AABCDECCD0325213748,1,0,1,0,0,1,1,0,0,1,0,1,1,1,0,1,0,0,1,1,0,1,0,0,1,0,1,1,0,0,0,0,0,0,1,1,0,D,1
AABCDECCD0325213750,0,0,0,0,0,0,0,0,0,0,0,0,1,1,0,1,0,0,1,1,0,1,0,0,1,0,1,0,1,0,0,0,0,0,1,1,1,V,1
AABCDECCD0325213751,0,0,0,0,0,0,0,0,0,0,0,0,1,1,0,1,0,0,1,1,0,0,1,0,1,0,1,0,1,0,0,0,0,0,1,1,1,V,1
AABCDECCD0510313666,0,0,0,0,0,0,0,0,0,0,0,0,1,1,0,1,0,0,1,0,1,0,1,0,1,0,1,0,1,0,0,0,0,0,1,1,1,D,1
AABCDECCD082420818,0,0,0,0,0,0,0,0,0,0,0,0,1,1,0,1,0,0,1,0,1,0,1,0,1,0,1,0,1,0,0,0,0,0,1,1,1,D,1
AABCDECCD082420837,0,0,0,0,0,0,0,0,0,0,0,0,1,1,0,1,0,0,1,0,1,0,1,0,1,0,1,0,1,0,0,0,0,0,1,1,0,D,1
AABCDECCD1203309899,0,0,0,0,0,0,0,0,0,0,0,0,1,1,0,1,0,0,1,0,1,0,1,0,1,0,1,0,1,0,0,0,0,0,1,1,0,V,1
AABCDEAABC0107310990,0,0,0,0,0,0,0,0,0,0,0,0,1,1,0,1,0,0,1,0,1,0,1,0,1,0,1,0,1,0,0,0,0,0,1,1,1,D,1
AABCDEAABC0107310991,0,0,0,0,0,0,0,0,0,0,0,0,1,1,0,1,0,0,1,0,1,0,1,0,1,0,1,0,1,0,0,0,0,0,1,1,1,D,1
AABCDEAABC0601202242,0,0,0,0,0,0,0,0,0,0,0,0,1,1,0,1,0,0,1,0,1,0,1,0,1,0,1,0,1,0,0,0,0,0,1,1,0,D,1
AABCDEAABC0704674,1,0,1,0,0,1,1,0,0,1,0,1,1,0,1,0,1,0,1,0,1,0,1,0,1,0,1,1,0,0,0,0,0,0,1,0,0,D,1
AABCDEAABC0718202748,1,0,1,0,0,1,1,0,0,1,0,1,1,0,1,0,1,0,1,0,1,0,1,0,1,0,1,1,0,0,0,0,0,0,1,0,1,D,1
AABCDEAABC0725100491,0,0,0,0,0,0,0,0,0,0,0,0,1,0,1,0,1,0,1,0,1,0,1,0,1,0,1,0,1,0,0,0,0,0,1,0,0,V,1
ABCAABC09091471914,1,0,1,0,0,1,0,1,0,1,0,1,1,0,1,0,1,0,1,0,1,0,1,0,1,0,1,1,0,0,0,0,0,0,1,0,0,D,1
AABCDEAABC101912574,1,0,1,0,0,1,1,0,0,1,1,0,1,1,0,0,1,0,1,0,1,0,1,0,1,0,1,1,0,0,0,0,0,0,1,0,0,D,1
ABCAABC1106137858,1,0,1,0,0,1,0,1,0,1,1,0,1,0,1,0,1,0,1,0,1,0,1,0,1,0,1,1,0,0,0,0,0,0,1,0,1,D,1
ABCAABC11301267597,1,0,0,1,0,0,0,0,0,0,0,0,1,0,1,0,1,0,1,0,1,0,1,0,1,0,1,1,0,0,0,0,0,0,1,0,0,D,1
ABCAABC09151543518,1,0,1,0,0,1,0,1,0,1,0,1,1,0,1,0,1,0,1,0,1,0,1,0,1,0,1,1,0,0,0,0,0,0,1,0,1,V,1
AABCDEAABC0925208739,1,0,1,0,0,1,1,0,0,1,0,1,1,1,0,0,1,0,1,0,1,0,1,0,1,0,1,1,0,0,0,0,0,0,1,0,1,V,1
AABCDEAABC11031385,1,0,1,0,0,1,1,0,0,1,0,1,1,0,1,0,1,0,1,0,1,0,1,0,1,0,1,1,0,0,0,0,0,0,1,0,0,D,1
ABCAABC1107613005,1,0,1,0,0,1,0,1,0,1,0,1,1,0,1,0,1,0,1,0,1,0,1,0,1,0,1,1,0,0,0,0,0,0,1,0,1,D,1
AABCDECCD10AABC742,0,0,0,0,0,0,0,0,0,0,0,0,1,1,0,0,1,0,1,0,1,0,1,0,1,0,1,0,1,0,0,0,0,0,1,0,0,V,1
ABCCCD1208238608,1,0,1,0,0,1,0,1,0,1,0,1,1,0,1,0,1,0,1,0,1,0,1,0,1,0,1,1,0,0,0,0,0,0,1,0,0,V,1
ABCCCD0823722450,1,0,0,1,0,0,0,0,0,0,0,0,1,0,1,0,1,0,1,0,1,0,1,0,1,0,1,1,0,0,0,0,0,0,1,0,0,D,1
ABCAABC08151252811,1,0,1,0,0,1,0,1,0,1,0,1,1,0,1,0,1,0,1,1,0,0,1,0,1,0,1,1,0,0,0,0,0,0,1,0,0,D,1
AABCDECCD0117103981,1,0,1,0,1,0,1,0,0,1,0,1,1,1,0,1,0,0,1,1,0,0,1,0,1,0,1,1,0,0,0,0,0,0,1,1,1,D,1
AABCDECCD0117103987,1,0,1,0,0,1,1,0,0,1,0,1,1,1,0,1,0,0,1,1,0,0,1,0,1,0,1,1,0,0,0,0,0,0,1,1,1,D,1
AABCDECCD01174650,0,0,0,0,0,0,0,0,0,0,0,0,1,1,0,0,1,0,1,0,1,0,1,0,1,0,1,0,1,0,0,0,0,0,1,1,1,V,1
AABCDECCD01174655,1,0,1,0,1,0,1,0,0,1,0,1,1,1,0,0,1,0,1,0,1,0,1,0,1,0,1,1,0,0,0,0,0,0,1,1,0,D,1
AABCDECCD0119303938,0,0,0,0,0,0,0,0,0,0,0,0,1,1,0,0,1,0,1,0,1,0,1,0,1,0,1,0,1,0,0,0,0,0,1,1,1,D,1
AABCDECCD0119303941,0,0,0,0,0,0,0,0,0,0,0,0,1,1,0,0,1,0,1,0,1,0,1,0,1,0,1,0,1,0,0,0,0,0,1,1,1,V,1
AABCDEAABC0201203354,0,0,0,0,0,0,0,0,0,0,0,0,1,1,0,1,0,0,1,0,1,0,1,0,1,0,1,0,1,0,0,0,0,0,1,1,0,D,1
AABCDECCD1117706174,1,0,1,0,0,1,1,0,0,1,0,1,1,1,0,0,1,0,1,0,1,0,1,0,1,0,1,1,0,0,0,0,0,0,1,1,0,V,1
ABCCCD1117792332,1,0,1,0,0,1,0,1,0,1,0,1,1,0,1,0,1,0,1,0,1,0,1,0,1,0,1,1,0,0,0,0,0,0,1,1,1,D,1
ABCCCD1117792333,1,0,1,0,0,1,0,1,1,0,0,1,1,0,1,0,1,0,1,0,1,0,1,0,1,0,1,1,0,0,0,0,0,0,1,1,1,D,1
ABCCCD1119499386,1,0,0,1,0,0,0,0,0,0,0,0,1,0,1,0,1,0,1,0,1,0,1,0,1,0,1,1,0,0,0,0,0,0,1,1,0,V,1
ABCCCD1119499387,1,0,1,0,0,1,0,1,0,1,0,1,1,0,1,0,1,0,1,0,1,0,1,0,1,0,1,1,0,0,0,0,0,0,1,1,0,D,1
AABCDECCD11273111,0,0,0,0,0,0,0,0,0,0,0,0,1,1,0,0,1,0,1,0,1,0,1,0,1,0,1,0,1,0,0,0,0,0,1,1,0,D,1
AABCDEAABC0213401277,0,0,0,0,0,0,0,0,0,0,0,0,1,1,0,0,1,0,1,0,1,0,1,0,1,0,1,0,1,0,0,0,0,0,1,1,1,V,1
AABCDEAABC0213401279,0,0,0,0,0,0,0,0,0,0,0,0,1,1,0,0,1,0,1,0,1,0,1,0,1,0,1,0,1,0,0,0,0,0,1,1,1,D,1
AABCDEAABC0213401288,0,0,0,0,0,0,0,0,0,0,0,0,1,1,0,0,1,0,1,0,1,0,1,0,1,0,1,0,1,0,0,0,0,0,1,1,1,D,1
AABCDEAABC0213401289,0,0,0,0,0,0,0,0,0,0,0,0,1,1,0,0,1,0,1,0,1,0,1,0,1,0,1,0,1,0,0,0,0,0,1,1,1,D,1
AABCDEAABC0819114906,0,0,0,0,0,0,0,0,0,0,0,0,1,1,0,0,1,0,1,0,1,0,1,0,1,0,1,0,1,0,0,0,0,0,1,1,1,D,1
AABCDEAABC0925207573,0,0,0,0,0,0,0,0,0,0,0,0,1,1,0,0,1,0,1,0,1,0,1,0,1,0,1,0,1,0,0,0,0,0,1,1,1,D,1
AABCDEAABC1003720750,0,0,0,0,0,0,0,0,0,0,0,0,1,1,0,0,1,0,1,0,1,0,1,0,1,0,1,0,1,0,0,0,0,0,1,1,1,V,1
AABCDEAABC1003520471,0,0,0,0,0,0,0,0,0,0,0,0,1,1,0,0,1,0,1,1,0,0,1,0,1,0,1,0,1,0,0,0,0,0,1,1,0,D,1
AABCDEAABC1011304179,0,0,0,0,0,0,0,0,0,0,0,0,1,0,1,1,0,0,1,0,1,0,1,0,1,0,1,0,1,0,0,0,0,0,1,1,1,D,1
AABCDECCD1211704616,1,0,1,0,0,1,1,0,0,1,0,1,1,1,0,1,0,0,1,0,1,0,1,0,1,0,1,1,0,0,0,0,0,0,1,1,1,D,1
AABCDECCD1214305168,1,0,1,0,0,1,1,0,0,1,0,1,1,0,1,0,1,0,1,0,1,0,1,0,1,0,1,1,0,0,0,0,0,0,1,1,1,D,1
AABCDECCD1214405194,1,0,1,0,0,1,1,0,0,1,0,1,1,1,0,1,0,0,1,0,1,0,1,0,1,0,1,1,0,0,0,0,0,0,1,1,0,D,1
AABCDECCD1215402797,1,0,1,0,0,1,1,0,0,1,1,0,1,1,0,1,0,0,1,0,1,0,1,0,1,0,1,1,0,0,0,0,0,0,1,1,1,D,1
AABCDECCD12176948,1,0,1,0,0,1,1,0,0,1,0,1,1,1,0,1,0,0,1,0,1,0,1,0,1,0,1,1,0,0,0,0,0,0,1,1,1,D,1
ABCCCD12221AABC55,1,0,1,0,0,1,0,1,0,1,0,1,1,0,1,0,1,0,1,0,1,0,1,0,1,0,1,1,0,0,0,0,0,0,1,1,0,V,1
AABCDECCD1225503707,0,0,0,0,0,0,0,0,0,0,0,0,1,1,0,0,1,0,1,0,1,0,1,0,1,0,1,0,1,0,0,0,0,1,0,1,1,D,1
AABCDECCD1225503773,1,0,1,0,0,1,1,0,0,1,0,1,1,1,0,0,1,0,1,0,1,0,1,0,1,0,1,1,0,0,0,0,0,0,1,1,1,V,1
AABCDECCD1225104508,1,0,1,0,0,1,1,0,0,1,0,1,1,1,0,0,1,0,1,0,1,0,1,0,1,0,1,1,0,0,0,0,0,0,1,1,0,D,1
AABCDECCD1225104526,1,0,1,0,0,1,1,0,0,1,0,1,1,1,0,0,1,0,1,0,1,0,1,0,1,0,1,1,0,0,0,0,0,0,1,1,1,D,1
AABCDECCD1225704568,1,0,1,0,0,1,1,0,0,1,0,1,1,1,0,0,1,0,1,0,1,0,1,0,1,0,1,1,0,0,0,0,0,0,1,1,0,V,1
AABCDECCD1225704599,1,0,1,0,0,1,1,0,0,1,0,1,1,1,0,0,1,0,1,0,1,0,1,0,1,0,1,1,0,0,0,0,0,0,1,1,0,V,1
AABCDECCD12257336,1,0,1,0,0,1,1,0,0,1,0,1,1,1,0,0,1,0,1,0,1,0,1,0,1,0,1,1,0,0,0,0,0,0,1,1,0,D,1
AABCDECCD1228705183,1,0,1,0,0,1,1,0,0,1,0,1,1,1,0,1,0,0,1,1,0,1,0,0,1,0,1,1,0,0,0,0,0,0,1,1,1,V,1
AABCDECCD1229508899,1,0,1,0,0,1,1,0,0,1,0,1,1,1,0,1,0,0,1,0,1,0,1,0,1,0,1,1,0,0,0,0,0,0,1,1,0,D,1
AABCDECCD122910563,1,0,1,0,0,1,1,0,0,1,0,1,1,1,0,0,1,0,1,0,1,0,1,0,1,0,1,1,0,0,0,0,0,0,1,1,0,D,1
AABCDECCD122910589,1,0,1,0,0,1,1,0,0,1,0,1,1,1,0,0,1,0,1,0,1,0,1,0,1,0,1,1,0,0,0,0,0,0,1,1,0,V,1
AABCDECCD1229309544,1,0,1,0,0,1,1,0,0,1,0,1,1,1,0,0,1,0,1,0,1,0,1,0,1,0,1,1,0,0,0,0,0,0,1,1,1,D,1
AABCDECCD1229309568,1,0,1,0,0,1,1,0,0,1,0,1,1,1,0,0,1,0,1,0,1,0,1,0,1,0,1,1,0,0,0,0,0,0,1,1,1,V,1
AABCDECCD1229309593,1,0,1,0,0,1,1,0,0,1,0,1,1,1,0,0,1,0,1,0,1,0,1,0,1,0,1,1,0,0,0,0,0,0,1,1,1,D,1
AABCDECCD1229210094,1,0,1,0,0,1,1,0,0,1,0,1,1,1,0,0,1,0,1,0,1,0,1,0,1,0,1,1,0,0,0,0,0,0,1,1,0,V,1
AABCDECCD1230111374,1,0,1,0,0,1,1,0,0,1,0,1,1,1,0,0,1,0,1,0,1,0,1,0,1,0,1,1,0,0,0,0,0,0,1,1,0,V,1
ABCAABC01101756683,1,0,1,0,0,1,0,1,0,1,0,1,1,0,1,0,1,0,1,0,1,0,1,0,1,0,1,1,0,0,0,0,0,0,1,1,1,V,1
ABCAABC01112159555,1,0,1,0,0,1,0,1,0,1,0,1,1,0,1,0,1,0,1,0,1,0,1,0,1,0,1,1,0,0,0,0,0,0,1,1,0,V,1
ABCAABC01112159556,1,0,1,0,0,1,0,1,0,1,0,1,1,0,1,0,1,0,1,0,1,0,1,0,1,0,1,1,0,0,0,0,0,0,1,1,0,D,1
AABCDEAABC0111704368,1,0,1,0,0,1,1,0,0,1,0,1,1,1,0,1,0,0,1,0,1,0,1,0,1,0,1,1,0,0,0,0,0,0,1,1,1,D,1
AABCDEAABC01116306,1,0,1,0,0,1,1,0,0,1,0,1,1,1,0,1,0,0,1,0,1,0,1,0,1,0,1,1,0,0,0,0,0,0,1,1,0,V,1
AABCDEAABC01116312,1,0,1,0,0,1,1,0,0,1,0,1,1,1,0,1,0,0,1,0,1,0,1,0,1,0,1,1,0,0,0,0,0,0,1,1,1,D,1
AABCDEAABC0111504828,1,0,1,0,0,1,1,0,0,1,0,1,1,1,0,1,0,0,1,0,1,0,1,0,1,0,1,1,0,0,0,0,0,0,1,1,1,D,1
AABCDEAABC0111205774,1,0,1,0,0,1,1,0,0,1,0,1,1,1,0,1,0,0,1,0,1,0,1,0,1,0,1,1,0,0,0,0,0,0,1,1,0,V,1
AABCDEAABC0111107795,1,0,1,0,0,1,1,0,0,1,0,1,1,1,0,1,0,0,1,0,1,0,1,0,1,0,1,1,0,0,0,0,0,0,1,1,0,D,1
AABCDEAABC0221711570,0,0,0,0,0,0,0,0,0,0,0,0,1,1,0,1,0,0,1,0,1,0,1,0,1,0,1,0,1,0,0,0,0,0,1,1,1,D,1
AABCDEAABC0401512600,0,0,0,0,0,0,0,0,0,0,0,0,1,1,0,1,0,0,1,0,1,0,1,0,1,0,1,0,1,0,0,0,0,0,1,1,0,V,1
AABCDEAABC0401413402,0,0,0,0,0,0,0,0,0,0,0,0,1,1,0,1,0,0,1,0,1,0,1,0,1,0,1,0,1,0,0,0,0,0,1,1,1,D,1
AABCDEAABC0401413403,0,0,0,0,0,0,0,0,0,0,0,0,1,1,0,1,0,0,1,0,1,0,1,0,1,0,1,0,1,0,0,0,0,0,1,1,0,D,1
AABCDEAABC0401413404,0,0,0,0,0,0,0,0,0,0,0,0,1,1,0,1,0,0,1,0,1,0,1,0,1,0,1,0,1,0,0,0,0,0,1,1,1,D,1
AABCDEAABC0529104996,0,0,0,0,0,0,0,0,0,0,0,0,1,1,0,1,0,0,1,0,1,0,1,0,1,0,1,0,1,0,0,0,0,0,1,1,0,V,1
AABCDEAABC0529104999,0,0,0,0,0,0,0,0,0,0,0,0,1,1,0,1,0,0,1,0,1,0,1,0,1,0,1,0,1,0,0,0,0,0,1,1,1,D,1
AABCDEAABC0529704226,0,0,0,0,0,0,0,0,0,0,0,0,1,1,0,1,0,0,1,0,1,0,1,0,1,0,1,0,1,0,0,0,0,0,1,1,1,D,1
AABCDEAABC0529704227,0,0,0,0,0,0,0,0,0,0,0,0,1,1,0,1,0,0,1,0,1,0,1,0,1,0,1,0,1,0,0,0,0,0,1,1,1,D,1
AABCDEAABC0529105035,0,0,0,0,0,0,0,0,0,0,0,0,1,1,0,1,0,0,1,0,1,0,1,0,1,0,1,0,1,0,0,0,0,0,1,1,0,D,1
AABCDEAABC0529105036,0,0,0,0,0,0,0,0,0,0,0,0,1,1,0,1,0,0,1,0,1,0,1,0,1,0,1,0,1,0,0,0,0,0,1,1,0,D,1
AABCDEAABC0529105060,0,0,0,0,0,0,0,0,0,0,0,0,1,1,0,1,0,0,1,0,1,0,1,0,1,0,1,0,1,0,0,0,0,0,1,1,1,D,1
AABCDEAABC0529105062,0,0,0,0,0,0,0,0,0,0,0,0,1,1,0,1,0,0,1,0,1,0,1,0,1,0,1,0,1,0,0,0,0,0,1,1,1,V,1
AABCDEAABC0625407091,0,0,0,0,0,0,0,0,0,0,0,0,1,1,0,1,0,0,1,0,1,0,1,0,1,0,1,0,1,0,0,0,0,0,1,1,1,D,1
AABCDEAABC0625407093,0,0,0,0,0,0,0,0,0,0,0,0,1,1,0,1,0,0,1,0,1,0,1,0,1,0,1,0,1,0,0,0,0,0,1,1,0,V,1
AABCDEAABC0630413689,0,0,0,0,0,0,0,0,0,0,0,0,1,1,0,1,0,0,1,0,1,0,1,0,1,0,1,0,1,0,0,0,0,0,1,1,0,D,1
AABCDEAABC0630413687,0,0,0,0,0,0,0,0,0,0,0,0,1,1,0,1,0,0,1,0,1,0,1,0,1,0,1,0,1,0,0,0,0,0,1,1,0,V,1
AABCDEAABC070118950,0,0,0,0,0,0,0,0,0,0,0,0,1,1,0,1,0,0,1,0,1,0,1,0,1,0,1,0,1,0,0,0,0,0,1,1,0,D,1
AABCDEAABC070118952,0,0,0,0,0,0,0,0,0,0,0,0,1,1,0,1,0,0,1,0,1,0,1,0,1,0,1,0,1,0,0,0,0,0,1,1,0,D,1
AABCDEAABC0702505369,0,0,0,0,0,0,0,0,0,0,0,0,1,1,0,1,0,0,1,0,1,0,1,0,1,0,1,0,1,0,0,0,0,0,1,1,0,D,1
AABCDEAABC0702505371,0,0,0,0,0,0,0,0,0,0,0,0,1,1,0,1,0,0,1,0,1,0,1,0,1,0,1,0,1,0,0,0,0,0,1,1,1,D,1
AABCDEAABC0702505372,0,0,0,0,0,0,0,0,0,0,0,0,1,1,0,1,0,0,1,0,1,0,1,0,1,0,1,0,1,0,0,0,0,0,1,1,0,D,1
AABCDEAABC0702505373,0,0,0,0,0,0,0,0,0,0,0,0,1,1,0,1,0,0,1,0,1,0,1,0,1,0,1,0,1,0,0,0,0,0,1,1,0,D,1
AABCDEAABC0704215532,0,0,0,0,0,0,0,0,0,0,0,0,1,1,0,1,0,0,1,0,1,0,1,0,1,0,1,0,1,0,0,0,0,0,1,1,0,V,1
AABCDEAABC0704215531,0,0,0,0,0,0,0,0,0,0,0,0,1,1,0,1,0,0,1,0,1,0,1,0,1,0,1,0,1,0,0,0,0,0,1,1,1,D,1
AABCDEAABC0704215544,0,0,0,0,0,0,0,0,0,0,0,0,1,1,0,1,0,0,1,0,1,0,1,0,1,0,1,0,1,0,0,0,0,0,1,1,1,V,1
AABCDEAABC0704215540,0,0,0,0,0,0,0,0,0,0,0,0,1,1,0,1,0,0,1,0,1,0,1,0,1,0,1,0,1,0,0,0,0,0,1,1,0,D,1
AABCDEAABC0706208155,0,0,0,0,0,0,0,0,0,0,0,0,1,1,0,1,0,0,1,0,1,0,1,0,1,0,1,0,1,0,0,0,0,0,1,1,0,D,1
AABCDEAABC0706208157,0,0,0,0,0,0,0,0,0,0,0,0,1,1,0,1,0,0,1,0,1,0,1,0,1,0,1,0,1,0,0,0,0,0,1,1,1,D,1
AABCDEAABC0706208161,0,0,0,0,0,0,0,0,0,0,0,0,1,1,0,1,0,0,1,0,1,0,1,0,1,0,1,0,1,0,0,0,0,0,1,1,1,D,1
AABCDEAABC0706208162,0,0,0,0,0,0,0,0,0,0,0,0,1,1,0,1,0,0,1,0,1,0,1,0,1,0,1,0,1,0,0,0,0,0,1,1,1,V,1
AABCDEAABC0711417774,0,0,0,0,0,0,0,0,0,0,0,0,1,1,0,1,0,0,1,0,1,0,1,0,1,0,1,0,1,0,0,0,0,0,1,1,1,V,1
AABCDEAABC0711417775,0,0,0,0,0,0,0,0,0,0,0,0,1,1,0,1,0,0,1,0,1,0,1,0,1,0,1,0,1,0,0,0,0,0,1,1,0,D,1
AABCDEAABC0724412231,0,0,0,0,0,0,0,0,0,0,0,0,1,1,0,1,0,0,1,0,1,0,1,0,1,0,1,0,1,0,0,0,0,0,1,1,1,D,1
AABCDEAABC0724412233,0,0,0,0,0,0,0,0,0,0,0,0,1,1,0,1,0,0,1,0,1,0,1,0,1,0,1,0,1,0,0,0,0,0,1,1,1,D,1
AABCDEAABC0726318649,0,0,0,0,0,0,0,0,0,0,0,0,1,1,0,1,0,0,1,0,1,0,1,0,1,0,1,0,1,0,0,0,0,0,1,1,1,V,1
AABCDEAABC0726318652,0,0,0,0,0,0,0,0,0,0,0,0,1,1,0,1,0,0,1,0,1,0,1,0,1,0,1,0,1,0,0,0,0,0,1,1,1,V,1
AABCDEAABC0811708202,0,0,0,0,0,0,0,0,0,0,0,0,1,1,0,1,0,0,1,0,1,0,1,0,1,0,1,0,1,0,0,0,0,0,1,1,1,D,1
AABCDEAABC0811708207,0,0,0,0,0,0,0,0,0,0,0,0,1,1,0,1,0,0,1,0,1,0,1,0,1,0,1,0,1,0,0,0,0,0,1,1,1,V,1
AABCDEAABC0811708219,0,0,0,0,0,0,0,0,0,0,0,0,1,1,0,1,0,0,1,0,1,0,1,0,1,0,1,0,1,0,0,0,0,0,1,1,1,V,1
AABCDEAABC0811708220,0,0,0,0,0,0,0,0,0,0,0,0,1,1,0,1,0,0,1,0,1,0,1,0,1,0,1,0,1,0,0,0,0,0,1,1,1,D,1
AABCDEAABC0811209195,0,0,0,0,0,0,0,0,0,0,0,0,1,1,0,1,0,0,1,0,1,0,1,0,1,0,1,0,1,0,0,0,0,0,1,1,1,V,1
AABCDEAABC0811109303,0,0,0,0,0,0,0,0,0,0,0,0,1,1,0,1,0,0,1,0,1,0,1,0,1,0,1,0,1,0,0,0,0,0,1,1,1,D,1
AABCDEAABC0811109308,0,0,0,0,0,0,0,0,0,0,0,0,1,1,0,1,0,0,1,0,1,0,1,0,1,0,1,0,1,0,0,0,0,0,1,1,0,V,1
AABCDEAABC0811109312,0,0,0,0,0,0,0,0,0,0,0,0,1,1,0,1,0,0,1,0,1,0,1,0,1,0,1,0,1,0,0,0,0,0,1,1,1,D,1
AABCDEAABC0811109316,0,0,0,0,0,0,0,0,0,0,0,0,1,1,0,1,0,0,1,0,1,0,1,0,1,0,1,0,1,0,0,0,0,0,1,1,0,D,1
AABCDEAABC0811109321,0,0,0,0,0,0,0,0,0,0,0,0,1,1,0,1,0,0,1,0,1,0,1,0,1,0,1,0,1,0,0,0,0,0,1,1,1,D,1
AABCDEAABC0811109376,0,0,0,0,0,0,0,0,0,0,0,0,1,1,0,1,0,0,1,0,1,0,1,0,1,0,1,0,1,0,0,0,0,0,1,1,1,V,1
AABCDEAABC0811109374,0,0,0,0,0,0,0,0,0,0,0,0,1,1,0,1,0,0,1,0,1,0,1,0,1,0,1,0,1,0,0,0,0,0,1,1,1,D,1
AABCDEAABC0813716865,0,0,0,0,0,0,0,0,0,0,0,0,1,1,0,1,0,0,1,0,1,0,1,0,1,0,1,0,1,0,0,0,0,0,1,1,1,D,1
AABCDEAABC0813716866,0,0,0,0,0,0,0,0,0,0,0,0,1,1,0,1,0,0,1,0,1,0,1,0,1,0,1,0,1,0,0,0,0,0,1,1,1,V,1
AABCDEAABC0813716867,0,0,0,0,0,0,0,0,0,0,0,0,1,1,0,1,0,0,1,0,1,0,1,0,1,0,1,0,1,0,0,0,0,0,1,1,0,D,1
AABCDEAABC0813716868,0,0,0,0,0,0,0,0,0,0,0,0,1,1,0,1,0,0,1,0,1,0,1,0,1,0,1,0,1,0,0,0,0,0,1,1,1,V,1
AABCDEAABC0815207940,0,0,0,0,0,0,0,0,0,0,0,0,1,1,0,1,0,0,1,0,1,0,1,0,1,0,1,0,1,0,0,0,0,0,1,1,0,D,1
AABCDEAABC0815207938,0,0,0,0,0,0,0,0,0,0,0,0,1,1,0,1,0,0,1,0,1,0,1,0,1,0,1,0,1,0,0,0,0,0,1,1,0,D,1
AABCDEAABC0815207949,0,0,0,0,0,0,0,0,0,0,0,0,1,1,0,1,0,0,1,0,1,0,1,0,1,0,1,0,1,0,0,0,0,0,1,1,0,V,1
AABCDEAABC0815207953,0,0,0,0,0,0,0,0,0,0,0,0,1,1,0,1,0,0,1,0,1,0,1,0,1,0,1,0,1,0,0,0,0,0,1,1,0,D,1
AABCDEAABC0914409205,0,0,0,0,0,0,0,0,0,0,0,0,1,1,0,1,0,0,1,0,1,0,1,0,1,0,1,0,1,0,0,0,0,0,1,1,0,V,1
AABCDEAABC0914409206,0,0,0,0,0,0,0,0,0,0,0,0,1,1,0,1,0,0,1,0,1,0,1,0,1,0,1,0,1,0,0,0,0,0,1,1,1,D,1
AABCDEAABC0917117563,0,0,0,0,0,0,0,0,0,0,0,0,1,1,0,1,0,0,1,0,1,0,1,0,1,0,1,0,1,0,0,0,0,0,1,1,1,D,1
AABCDEAABC0917117566,0,0,0,0,0,0,0,0,0,0,0,0,1,1,0,1,0,0,1,0,1,0,1,0,1,0,1,0,1,0,0,0,0,0,1,1,0,D,1
AABCDEAABC0917117567,0,0,0,0,0,0,0,0,0,0,0,0,1,1,0,1,0,0,1,0,1,0,1,0,1,0,1,0,1,0,0,0,0,0,1,1,0,D,1
AABCDEAABC0917117568,0,0,0,0,0,0,0,0,0,0,0,0,1,1,0,1,0,0,1,0,1,0,1,0,1,0,1,0,1,0,0,0,0,0,1,1,1,D,1
AABCDEAABC0917117580,0,0,0,0,0,0,0,0,0,0,0,0,1,1,0,1,0,0,1,0,1,1,0,0,1,0,1,0,1,0,0,0,0,0,1,1,0,D,1
AABCDEAABC0917117581,0,0,0,0,0,0,0,0,0,0,0,0,1,1,0,1,0,0,1,0,1,1,0,0,1,0,1,0,1,0,0,0,0,0,1,1,0,V,1
AABCDECCD0728327955,1,0,1,0,1,0,1,0,1,0,0,1,1,1,0,0,1,0,1,0,1,0,1,0,1,0,1,1,0,0,0,0,0,0,1,1,0,D,1
AABCDECCD0728119865,1,0,1,0,1,0,1,0,1,0,0,1,1,1,0,0,1,0,1,0,1,0,1,0,1,0,1,1,0,0,0,0,0,0,1,1,1,D,1
AABCDECCD0728327965,0,0,0,0,0,0,0,0,0,0,0,0,1,1,0,0,1,0,1,0,1,0,1,0,1,0,1,0,1,0,0,0,0,0,1,1,0,D,1
AABCDECCD0728327975,0,0,0,0,0,0,0,0,0,0,0,0,1,1,0,0,1,0,1,0,1,0,1,0,1,0,1,0,1,0,0,0,0,0,1,1,0,D,1
AABCDECCD0801120920,0,0,0,0,0,0,0,0,0,0,0,0,1,1,0,0,1,0,1,0,1,0,1,0,1,0,1,0,1,0,0,0,0,0,1,1,1,D,1
AABCDECCD0802121592,0,0,0,0,0,0,0,0,0,0,0,0,1,1,0,0,1,0,1,0,1,0,1,0,1,0,1,0,1,0,0,0,0,0,1,1,1,V,1
AABCDECCD0810122399,0,0,0,0,0,0,0,0,0,0,0,0,1,1,0,1,0,0,1,0,1,0,1,0,1,0,1,0,1,0,0,0,0,0,1,1,0,D,1
AABCDECCD081022207,0,0,0,0,0,0,0,0,0,0,0,0,1,0,1,0,1,0,1,0,1,0,1,0,1,0,1,0,1,0,0,0,0,0,1,1,1,D,1
AABCDECCD081022209,0,0,0,0,0,0,0,0,0,0,0,0,1,0,1,0,1,0,1,0,1,0,1,0,1,0,1,0,1,0,0,0,0,0,1,1,0,D,1
AABCDECCD081022223,0,0,0,0,0,0,0,0,0,0,0,0,1,1,0,1,0,0,1,0,1,0,1,0,1,0,1,0,1,0,0,0,0,0,1,1,0,V,1
AABCDECCD081022224,0,0,0,0,0,0,0,0,0,0,0,0,1,1,0,1,0,0,1,0,1,0,1,0,1,0,1,0,1,0,0,0,0,0,1,1,1,D,1
ABCCCD010541560,1,0,1,0,0,1,0,1,0,1,0,1,1,0,1,0,1,0,1,0,1,0,1,0,1,0,1,1,0,0,0,0,0,0,1,0,1,D,1
ABCCCD0107250957,1,0,1,0,0,1,0,1,0,1,0,1,1,0,1,0,1,0,1,0,1,0,1,0,1,0,1,1,0,0,0,0,0,0,1,0,0,D,1
ABCCCD0312262908,1,0,1,0,0,1,0,1,0,1,0,1,1,0,1,0,1,0,1,1,0,1,0,0,1,0,1,1,0,0,0,0,0,0,1,0,1,V,1
ABCCCD0518148967,1,0,1,0,0,1,0,1,0,1,0,1,1,0,1,0,1,0,1,0,1,0,1,0,1,0,1,1,0,0,0,0,0,0,1,0,1,V,1
ABCCCD0519249632,1,0,1,0,0,1,0,1,0,1,0,1,1,0,1,0,1,0,1,0,1,0,1,0,1,0,1,1,0,0,0,0,0,0,1,0,1,V,1
ABCCCD0531759484,1,0,1,0,0,1,0,1,0,1,0,1,1,0,1,0,1,0,1,0,1,0,1,0,1,0,1,1,0,0,0,0,0,0,1,0,1,D,1
ABCCCD0608345422,1,0,1,0,0,1,0,1,0,1,0,1,1,0,1,0,1,0,1,0,1,0,1,0,1,0,1,1,0,0,0,0,0,0,1,0,0,V,1
ABCCCD0707256471,1,0,1,0,0,1,0,1,1,0,0,1,1,0,1,0,1,0,1,0,1,0,1,0,1,0,1,1,0,0,0,0,0,0,1,0,1,D,1
AABCDECCD0714314178,1,0,1,0,1,0,1,0,0,1,0,1,1,0,1,0,1,0,1,0,1,0,1,0,1,0,1,1,0,0,0,0,0,0,1,0,0,D,1
ABCCCD1212334347,1,0,1,0,0,1,0,1,0,1,0,1,1,0,1,0,1,0,1,1,0,0,1,0,1,0,1,1,0,0,0,0,0,0,1,0,0,D,1
ABCCCD1229335100,1,0,1,0,0,1,0,1,0,1,0,1,1,0,1,0,1,0,1,0,1,0,1,0,1,0,1,1,0,0,0,0,0,0,1,0,0,D,1
ABCCCD0217472974,1,0,1,0,0,1,0,1,0,1,0,1,1,0,1,0,1,0,1,1,0,0,1,0,1,0,1,1,0,0,0,0,0,0,1,0,1,D,1
ABCCCD06241184099,1,0,1,0,0,1,0,1,0,1,0,1,1,0,1,0,1,0,1,0,1,0,1,0,1,0,1,1,0,0,0,0,0,0,1,0,1,D,1
ABCCCD11021508016,1,0,1,0,0,1,0,1,0,1,0,1,1,0,1,0,1,0,1,0,1,0,1,0,1,0,1,1,0,0,0,0,0,0,1,0,0,V,1
ABCAABC0616122739,1,0,1,0,0,1,0,1,0,1,0,1,1,0,1,0,1,0,1,1,0,1,0,0,1,0,1,1,0,0,0,0,0,0,1,0,1,D,1
ABCAABC11072606665,1,0,1,0,0,1,0,1,0,1,0,1,1,0,1,0,1,0,1,0,1,0,1,0,1,0,1,1,0,0,0,0,0,0,1,0,0,D,1
ABCAABC1115625432,1,0,1,0,0,1,0,1,0,1,0,1,1,0,1,0,1,0,1,0,1,0,1,0,1,0,1,1,0,0,0,0,0,0,1,0,0,D,1
AABCDECCD0909310920,1,0,1,0,0,1,1,0,0,1,0,1,1,1,0,0,1,0,1,0,1,0,1,0,1,0,1,1,0,0,0,0,0,0,1,1,1,V,1
AABCDECCD0909214111,1,0,1,0,0,1,1,0,0,1,0,1,1,1,0,0,1,0,1,0,1,1,0,0,1,0,1,1,0,0,0,0,0,0,1,1,1,D,1
AABCDECCD0909310948,1,0,1,0,0,1,1,0,0,1,1,0,1,1,0,0,1,0,1,0,1,0,1,0,1,0,1,1,0,0,0,0,0,0,1,1,1,D,1
AABCDECCD0909111889,0,0,0,0,0,0,0,0,0,0,0,0,1,1,0,0,1,0,1,0,1,0,1,0,1,0,1,0,1,0,0,0,0,0,1,1,0,V,1
AABCDECCD1229113076,1,0,1,0,0,1,1,0,1,0,1,0,1,1,0,1,0,0,1,0,1,0,1,0,1,0,1,1,0,0,0,0,0,0,1,0,1,D,1
AABCDECCD1229709515,1,0,1,0,0,1,1,0,0,1,0,1,1,1,0,1,0,0,1,0,1,0,1,0,1,0,1,1,0,0,0,0,0,0,1,0,0,D,1
AABCDECCD1230605182,1,0,1,0,0,1,1,0,0,1,0,1,1,1,0,1,0,0,1,0,1,0,1,0,1,0,1,1,0,0,0,0,0,0,1,0,0,D,1
AABCDEAABC0105604647,1,0,1,0,0,1,1,0,0,1,1,0,1,1,0,1,0,0,1,0,1,0,1,0,1,0,1,1,0,0,0,0,0,0,1,0,1,D,1
AABCDEAABC0106504417,1,0,1,0,0,1,1,0,0,1,0,1,1,1,0,1,0,0,1,0,1,0,1,0,1,0,1,1,0,0,0,0,0,0,1,0,1,V,1
ABCAABC0413268965,1,0,1,0,1,0,0,1,0,1,0,1,1,0,1,0,1,0,1,0,1,0,1,0,1,0,1,1,0,0,0,0,0,0,1,0,0,D,1
ABCCCD0518332665,1,0,0,1,0,0,0,0,0,0,0,0,1,0,1,0,1,0,1,0,1,0,1,0,1,0,1,1,0,0,0,0,0,0,1,0,1,D,1
ABCCCD1018603791,1,0,1,0,0,1,0,1,0,1,0,1,1,0,1,0,1,0,1,0,1,0,1,0,1,0,1,1,0,0,0,0,0,0,1,0,0,V,1
ABCCCD1022136182,1,0,1,0,0,1,0,1,0,1,0,1,1,0,1,0,1,0,1,0,1,0,1,0,1,0,1,1,0,0,0,0,0,0,1,0,1,D,1
ABCCCD1222629317,1,0,1,0,0,1,0,1,0,1,0,1,1,0,1,0,1,0,1,0,1,0,1,0,1,0,1,1,0,0,0,0,0,0,1,0,0,V,1
AABCDECCD0718307824,0,0,0,0,0,0,0,0,0,0,0,0,1,1,0,1,0,0,1,0,1,0,1,0,1,0,1,0,1,0,0,0,0,0,1,0,0,D,1
AABCDECCD0719108152,0,0,0,0,0,0,0,0,0,0,0,0,1,1,0,1,0,0,1,0,1,0,1,0,1,0,1,0,1,0,0,0,0,0,1,0,0,D,1
ABCCCD0818554982,1,0,1,0,0,1,0,1,0,1,0,1,1,0,1,0,1,0,1,0,1,0,1,0,1,0,1,1,0,0,0,0,0,0,1,0,1,D,1
ABCCCD112780719,1,0,1,0,0,1,0,1,0,1,0,1,1,0,1,0,1,0,1,1,0,1,0,0,1,0,1,1,0,0,0,0,0,0,1,0,1,D,1
ABCCCD12092216367,1,0,1,0,0,1,0,1,0,1,0,1,1,0,1,0,1,0,1,1,0,1,0,0,1,0,1,1,0,0,0,0,0,0,1,0,1,D,1
ABCCCD12255018444,1,0,1,0,0,1,0,1,0,1,0,1,1,0,1,0,1,0,1,0,1,0,1,0,1,0,1,1,0,0,0,0,0,0,1,0,0,V,1
ABCAABC01015076766,1,0,1,0,0,1,0,1,0,1,0,1,1,0,1,0,1,0,1,0,1,0,1,0,1,0,1,1,0,0,0,0,0,0,1,0,1,D,1
ABCAABC01291267250,1,0,1,0,0,1,0,1,0,1,0,1,1,0,1,0,1,0,1,0,1,0,1,0,1,0,1,1,0,0,0,0,0,0,1,0,1,V,1
ABCAABC02261071559,1,0,1,0,0,1,0,1,0,1,0,1,1,0,1,0,1,0,1,0,1,0,1,0,1,0,1,1,0,0,0,0,0,0,1,0,0,V,1
ABCAABC04061672813,1,0,1,0,0,1,0,1,0,1,0,1,1,0,1,0,1,0,1,1,0,0,1,0,1,0,1,1,0,0,0,0,0,0,1,0,0,V,1
ABCAABC04231593098,1,0,1,0,0,1,0,1,0,1,0,1,1,0,1,0,1,0,1,0,1,0,1,0,1,0,1,1,0,0,0,0,0,0,1,0,0,D,1
ABCAABC0711197064,1,0,1,0,0,1,0,1,0,1,0,1,1,0,1,0,1,0,1,0,1,0,1,0,1,0,1,1,0,0,0,0,0,0,1,0,0,D,1
ABCAABC0820516315,1,0,1,0,0,1,0,1,0,1,0,1,1,0,1,0,1,0,1,1,0,0,1,0,1,0,1,1,0,0,0,0,0,0,1,0,0,D,1
ABCAABC1015927222,1,0,1,0,0,1,0,1,0,1,0,1,1,0,1,0,1,0,1,1,0,1,0,0,1,0,1,1,0,0,0,0,0,0,1,0,0,D,1
ABCAABC1015927223,1,0,1,0,0,1,0,1,0,1,0,1,1,0,1,0,1,0,1,1,0,1,0,0,1,0,1,1,0,0,0,0,0,0,1,0,1,D,1
ABCAABC111920376,1,0,1,0,0,1,0,1,0,1,0,1,1,0,1,0,1,0,1,1,0,1,0,0,1,0,1,1,0,0,0,0,0,0,1,0,1,D,1
ABCAABC07013800297,1,0,1,0,0,1,0,1,0,1,0,1,1,0,1,0,1,0,1,1,0,0,1,0,1,0,1,1,0,0,0,0,0,0,1,1,0,D,1
ABCAABC07022303414,1,0,1,0,0,1,0,1,1,0,0,1,1,0,1,0,1,0,1,0,1,0,1,0,1,0,1,1,0,0,0,0,0,0,1,1,0,D,1
ABCAABC0707930490,1,0,1,0,0,1,0,1,0,1,0,1,1,0,1,0,1,0,1,0,1,0,1,0,1,0,1,1,0,0,0,0,0,0,1,1,1,D,1
ABCAABC07171037787,1,0,0,1,0,0,0,0,0,0,0,0,1,0,1,0,1,0,1,0,1,0,1,0,1,0,1,1,0,0,0,0,0,0,1,1,0,D,1
ABCAABC07171037788,1,0,0,1,0,0,0,0,0,0,0,0,1,0,1,0,1,0,1,0,1,0,1,0,1,0,1,1,0,0,0,0,0,0,1,1,1,V,1
ABCAABC07182073421,1,0,0,1,0,0,0,0,0,0,0,0,1,0,1,0,1,0,1,0,1,0,1,0,1,0,1,1,0,0,0,0,0,0,1,1,0,D,1
ABCAABC0727741416,1,0,0,1,0,0,0,0,0,0,0,0,1,0,1,0,1,0,1,0,1,0,1,0,1,0,1,1,0,0,0,0,0,0,1,1,1,D,1
ABCAABC08031712996,1,0,0,1,0,0,0,0,0,0,0,0,1,0,1,0,1,0,1,0,1,0,1,0,1,0,1,1,0,0,0,0,0,0,1,1,0,D,1
ABCAABC08042013409,1,0,1,0,0,1,0,1,1,0,0,1,1,0,1,0,1,0,1,0,1,0,1,0,1,0,1,1,0,0,0,0,0,0,1,1,0,D,1
ABCAABC0806963462,1,0,1,0,0,1,0,1,1,0,0,1,1,0,1,0,1,0,1,0,1,0,1,0,1,0,1,1,0,0,0,0,0,0,1,1,1,V,1
ABCAABC0819439210,1,0,0,1,0,0,0,0,0,0,0,0,1,0,1,0,1,0,1,0,1,0,1,0,1,0,1,1,0,0,0,0,0,0,1,1,0,V,1
ABCCCD0107426544,1,0,0,1,0,0,0,0,0,0,0,0,1,0,1,0,1,0,1,0,1,0,1,0,1,0,1,1,0,0,0,0,0,0,1,0,0,D,1
AABCDEAABC0627106288,1,0,1,0,0,1,1,0,0,1,1,0,1,1,0,1,0,0,1,0,1,1,0,0,1,1,0,1,0,0,0,0,0,0,1,0,1,D,1
AABCDEAABC0630711615,1,0,1,0,0,1,1,0,0,1,0,1,1,1,0,1,0,0,1,0,1,0,1,0,1,0,1,1,0,0,0,0,0,0,1,0,0,V,1
ABCAABC09021300677,1,0,1,0,0,1,0,1,0,1,0,1,1,0,1,0,1,0,1,0,1,0,1,0,1,0,1,1,0,0,0,0,0,0,1,0,0,D,1
AABCDECCD06221544,1,0,1,0,0,1,1,0,0,1,0,1,1,1,0,1,0,0,1,0,1,0,1,0,1,0,1,1,0,0,0,0,0,0,1,1,1,D,1
AABCDECCD06221545,1,0,1,0,0,1,1,0,0,1,0,1,1,1,0,1,0,0,1,0,1,0,1,0,1,0,1,1,0,0,0,0,0,0,1,1,1,D,1
AABCDECCD06221551,0,0,0,0,0,0,0,0,0,0,0,0,1,1,0,1,0,0,1,1,0,1,0,0,1,0,1,0,1,0,0,0,0,0,1,1,1,V,1
AABCDECCD06221552,0,0,0,0,0,0,0,0,0,0,0,0,1,1,0,1,0,0,1,1,0,1,0,0,1,0,1,0,1,0,0,0,0,0,1,1,0,D,1
AABCDECCD06221559,0,0,0,0,0,0,0,0,0,0,0,0,1,1,0,1,0,0,1,1,0,1,0,0,1,0,1,0,1,0,0,0,0,0,1,1,0,V,1
AABCDECCD06221560,0,0,0,0,0,0,0,0,0,0,0,0,1,1,0,1,0,0,1,1,0,1,0,0,1,0,1,0,1,0,0,0,0,0,1,1,1,D,1
AABCDECCD0623102725,0,0,0,0,0,0,0,0,0,0,0,0,1,1,0,1,0,0,1,1,0,0,1,0,1,0,1,0,1,0,0,0,0,0,1,1,1,D,1
AABCDECCD0623102726,0,0,0,0,0,0,0,0,0,0,0,0,1,1,0,1,0,0,1,1,0,0,1,0,1,0,1,0,1,0,0,0,0,0,1,1,1,V,1
AABCDECCD0623102727,0,0,0,0,0,0,0,0,0,0,0,0,1,1,0,1,0,0,1,1,0,0,1,0,1,0,1,0,1,0,0,0,0,0,1,1,1,D,1
AABCDECCD0625200697,0,0,0,0,0,0,0,0,0,0,0,0,1,1,0,1,0,0,1,1,0,0,1,0,1,0,1,0,1,0,0,0,0,0,1,1,1,D,1
AABCDECCD0625200698,0,0,0,0,0,0,0,0,0,0,0,0,1,1,0,1,0,0,1,1,0,0,1,0,1,0,1,0,1,0,0,0,0,0,1,1,1,D,1
AABCDECCD0630CCD94,0,0,0,0,0,0,0,0,0,0,0,0,1,1,0,1,0,0,1,1,0,0,1,0,1,0,1,0,1,1,0,0,0,0,1,1,1,V,1
AABCDECCD0712101283,0,0,0,0,0,0,0,0,0,0,0,0,1,1,0,1,0,0,1,1,0,1,0,0,1,0,1,0,1,0,0,0,0,0,1,1,1,D,1
AABCDECCD0712101284,0,0,0,0,0,0,0,0,0,0,0,0,1,1,0,1,0,0,1,1,0,1,0,0,1,0,1,0,1,0,0,0,0,0,1,1,0,V,1
AABCDECCD0801301540,0,0,0,0,0,0,0,0,0,0,0,0,1,1,0,1,0,0,1,0,1,0,1,0,1,0,1,0,1,0,0,0,0,0,1,1,0,D,1
AABCDEAABC1022701381,1,0,1,0,0,1,1,0,0,1,0,1,1,0,1,0,1,0,1,0,1,0,1,0,1,0,1,1,0,0,0,0,0,0,1,1,0,D,1
ABCAABC11272001282,1,1,0,0,0,0,0,0,0,0,0,1,1,0,1,0,1,0,1,1,0,0,1,0,1,0,1,1,0,0,1,0,0,0,1,1,1,D,1
AABCDEAABC0301105971,1,0,1,0,0,1,1,0,0,1,0,1,1,0,1,0,1,1,0,0,1,0,1,0,1,0,1,1,0,0,0,0,0,0,1,1,0,V,1
ABCAABC0305339931,1,0,1,0,0,1,0,1,0,1,0,1,1,0,1,0,1,0,1,1,0,1,0,0,1,0,1,1,0,0,0,0,0,0,1,1,1,V,1
AABCDEAABC0305104972,1,0,1,0,0,1,1,0,0,1,0,1,1,0,1,0,1,1,0,0,1,0,1,0,1,0,1,1,0,0,0,0,0,0,1,1,0,D,1
AABCDEAABC0308306283,1,0,1,0,0,1,1,0,0,1,0,1,1,0,1,0,1,1,0,0,1,0,1,0,1,0,1,1,0,0,0,0,0,0,1,1,1,V,1
AABCDEAABC04052632,0,0,0,0,0,0,0,0,0,0,0,0,1,0,1,0,1,1,0,0,1,0,1,0,1,0,1,0,1,0,0,0,0,0,1,1,1,D,1
AABCDEAABC0408607224,0,0,0,0,0,0,0,0,0,0,0,0,1,0,1,0,1,1,0,0,1,0,1,0,1,0,1,0,1,0,0,0,0,0,1,1,1,D,1
AABCDEAABC0408609731,0,0,0,0,0,0,0,0,0,0,0,0,1,0,1,0,1,1,0,0,1,0,1,0,1,0,1,0,1,0,0,0,0,0,1,1,1,D,1
AABCDEAABC0408609730,0,0,0,0,0,0,0,0,0,0,0,0,1,0,1,0,1,1,0,0,1,0,1,0,1,0,1,0,1,0,0,0,0,0,1,1,1,D,1
ABCCCD011542483,1,0,1,0,0,1,0,1,0,1,0,1,1,0,1,0,1,0,1,1,0,0,1,0,1,0,1,1,0,0,0,0,0,0,1,0,1,V,1
ABCCCD071732798,1,0,1,0,0,1,0,1,0,1,0,1,1,0,1,0,1,0,1,0,1,1,0,0,1,1,0,1,0,0,0,0,0,0,1,0,0,D,1
ABCCCD0806776837,1,0,1,0,0,1,0,1,0,1,0,1,1,0,1,0,1,0,1,0,1,0,1,0,1,0,1,1,0,0,0,0,0,0,1,0,0,D,1
ABCCCD08311081366,1,0,1,0,0,1,0,1,0,1,0,1,1,0,1,0,1,0,1,0,1,0,1,0,1,0,1,1,0,0,0,0,0,0,1,0,1,V,1
ABCCCD09091142451,1,0,1,0,0,1,0,1,0,1,0,1,1,0,1,0,1,0,1,0,1,0,1,0,1,0,1,1,0,0,0,0,0,0,1,0,0,D,1
ABCCCD0920943183,1,0,1,0,0,1,0,1,0,1,0,1,1,0,1,0,1,0,1,0,1,0,1,0,1,0,1,1,0,0,0,0,0,0,1,0,1,D,1
ABCCCD1115974867,1,0,1,0,0,1,0,1,0,1,0,1,1,0,1,0,1,0,1,0,1,0,1,0,1,0,1,1,0,0,0,0,0,0,1,0,0,D,1
ABCCCD11252689970,1,0,0,1,0,0,0,0,0,0,0,0,1,0,1,0,1,0,1,0,1,0,1,0,1,0,1,1,0,0,0,0,0,0,1,0,1,D,1
ABCCCD1127516213,1,0,0,1,0,0,0,0,0,0,0,0,1,0,1,0,1,0,1,0,1,0,1,0,1,0,1,1,0,0,0,0,0,0,1,0,1,D,1
ABCAABC0226111031,1,0,1,0,0,1,0,1,0,1,0,1,1,0,1,0,1,0,1,0,1,1,0,0,1,0,1,1,0,0,0,0,0,0,1,0,0,D,1
ABCAABC06041464383,1,0,1,0,0,1,0,1,0,1,0,1,1,0,1,0,1,0,1,1,0,0,1,0,1,0,1,1,0,0,0,0,0,0,1,0,0,D,1
ABCAABC10191515461,1,0,1,0,0,1,0,1,0,1,0,1,1,0,1,0,1,0,1,0,1,0,1,0,1,0,1,1,0,0,0,0,0,0,1,0,0,V,1
ABCCCD11031262204,1,0,1,0,0,1,0,1,0,1,0,1,1,0,1,0,1,0,1,1,0,0,1,0,1,0,1,1,0,0,0,0,0,0,1,0,0,D,1
AABCDECCD0106313607,0,0,0,0,0,0,0,0,0,0,0,0,1,1,0,1,0,0,1,0,1,0,1,0,1,0,1,0,1,0,0,0,0,0,1,0,0,D,1
ABCCCD030442588,1,0,1,0,0,1,0,1,0,1,0,1,1,0,1,0,1,0,1,0,1,0,1,0,1,0,1,1,0,0,0,0,0,0,1,0,0,D,1
ABCCCD0508238507,1,0,1,0,0,1,0,1,0,1,0,1,1,0,1,0,1,0,1,1,0,0,1,0,1,0,1,1,0,0,0,0,0,0,1,0,0,D,1
ABCCCD1001634160,1,0,1,0,0,1,0,1,0,1,0,1,1,0,1,0,1,0,1,1,0,0,1,0,1,0,1,1,0,0,0,0,0,0,1,0,1,D,1
ABCAABC01021123252,1,0,1,0,0,1,0,1,0,1,0,1,1,0,1,0,1,0,1,0,1,0,1,0,1,0,1,1,0,0,0,0,0,0,1,0,1,D,1
ABCCCD11211793324,1,0,0,1,0,0,0,0,0,0,0,0,1,0,1,0,1,0,1,0,1,0,1,0,1,0,1,1,0,0,0,0,0,0,1,0,0,D,1
ABCCCD0103659463,1,0,1,0,0,1,0,1,0,1,0,1,1,0,1,0,1,0,1,1,0,1,0,0,1,0,1,1,0,0,0,0,0,0,1,0,0,V,1
ABCCCD01182041393,1,0,1,0,0,1,0,1,0,1,0,1,1,0,1,0,1,0,1,1,0,1,0,0,1,0,1,1,0,0,0,0,0,0,1,0,0,D,1
ABCCCD02231894540,1,0,0,1,0,0,0,0,0,0,0,0,1,0,1,0,1,0,1,0,1,0,1,0,1,0,1,1,0,0,0,0,0,0,1,0,1,D,1
ABCCCD04181753822,1,0,0,1,0,0,0,0,0,0,0,0,1,0,1,0,1,0,1,0,1,0,1,0,1,0,1,1,0,0,0,0,0,0,1,0,1,D,1
ABCCCD09201846087,1,0,1,0,0,1,0,1,0,1,0,1,1,0,1,0,1,0,1,1,0,1,0,0,1,0,1,1,0,0,0,0,0,0,1,0,1,D,1
ABCCCD10192222756,1,0,0,1,0,0,0,0,0,0,0,0,1,0,1,0,1,0,1,0,1,0,1,0,1,0,1,1,0,0,0,0,0,0,1,0,0,V,1
ABCAABC05232655956,1,1,0,0,0,0,0,0,0,0,0,1,1,0,1,0,1,0,1,0,1,0,1,0,1,0,1,1,0,0,1,0,0,0,1,0,1,D,1
AABCDEAABC0617503514,0,0,0,0,0,0,0,0,0,0,0,0,1,1,0,0,1,0,1,0,1,0,1,0,1,0,1,0,1,0,0,0,0,0,1,0,0,D,1
AABCDEAABC0527410122,1,0,1,0,0,1,1,0,0,1,1,0,1,1,0,1,0,0,1,0,1,0,1,0,1,0,1,1,0,0,0,0,0,0,1,1,1,V,1
AABCDEAABC0527410138,0,0,0,0,0,0,0,0,0,0,0,0,1,1,0,1,0,0,1,0,1,0,1,0,1,0,1,0,1,0,0,0,0,0,1,1,0,D,1
AABCDEAABC0529306731,0,0,0,0,0,0,0,0,0,0,0,0,1,1,0,1,0,0,1,1,0,0,1,0,1,0,1,0,1,0,0,0,0,0,1,1,0,D,1
AABCDECCD0509105382,1,0,1,0,0,1,1,0,0,1,0,1,1,1,0,1,0,0,1,0,1,1,0,0,1,1,0,1,0,0,0,0,0,0,1,1,0,D,1
AABCDECCD0511112712,1,0,1,0,0,1,1,0,0,1,0,1,1,1,0,1,0,0,1,0,1,0,1,0,1,0,1,1,0,0,0,0,0,0,1,1,1,D,1
AABCDECCD0511112739,1,0,1,0,0,1,1,0,0,1,0,1,1,1,0,1,0,0,1,0,1,1,0,0,1,1,0,1,0,0,0,0,0,0,1,1,0,D,1
AABCDECCD0513111754,0,0,0,0,0,0,0,0,0,0,0,0,1,1,0,1,0,0,1,0,1,0,1,0,1,0,1,0,1,0,0,0,0,0,1,1,0,D,1
AABCDECCD0513111755,0,0,0,0,0,0,0,0,0,0,0,0,1,1,0,1,0,0,1,0,1,0,1,0,1,0,1,0,1,0,0,0,0,0,1,1,0,D,1
AABCDECCD02252898,1,0,1,0,0,1,1,0,0,1,0,1,1,1,0,1,0,0,1,0,1,0,1,0,1,0,1,1,0,0,0,0,0,0,1,1,0,D,1
AABCDECCD02252899,1,0,1,0,0,1,1,0,0,1,0,1,1,1,0,1,0,0,1,0,1,0,1,0,1,0,1,1,0,0,0,0,0,0,1,1,0,D,1
AABCDECCD0225102705,0,0,0,0,0,0,0,0,0,0,0,0,1,1,0,1,0,0,1,0,1,0,1,0,1,0,1,0,1,0,0,0,0,0,1,1,0,V,1
AABCDECCD0226202966,1,0,1,0,0,1,1,0,0,1,0,1,1,1,0,1,0,0,1,0,1,0,1,0,1,0,1,1,0,0,0,0,0,0,1,1,1,D,1
AABCDECCD0226202968,1,0,1,0,0,1,1,0,0,1,0,1,1,1,0,1,0,0,1,0,1,1,0,0,1,1,0,1,0,0,0,0,0,0,1,1,0,V,1
AABCDECCD0301302849,1,0,1,0,0,1,1,0,0,1,0,1,1,1,0,1,0,0,1,0,1,0,1,0,1,0,1,1,0,0,0,0,0,0,1,1,0,D,1
AABCDECCD0301302848,0,0,0,0,0,0,0,0,0,0,0,0,1,1,0,1,0,0,1,0,1,1,0,0,1,1,0,0,1,0,0,0,0,0,1,1,0,D,1
AABCDECCD0301302829,0,0,0,0,0,0,0,0,0,0,0,0,1,1,0,1,0,0,1,0,1,1,0,0,1,1,0,0,1,0,0,0,0,0,1,1,1,D,1
AABCDECCD0301302830,1,0,1,0,0,1,1,0,0,1,0,1,1,1,0,1,0,0,1,0,1,1,0,0,1,1,0,1,0,0,0,0,0,0,1,1,0,D,1
AABCDECCD0326103158,0,0,0,0,0,0,0,0,0,0,0,0,1,1,0,1,0,0,1,0,1,0,1,0,1,0,1,0,1,0,0,0,0,0,1,1,0,V,1
AABCDECCD0328203099,0,0,0,0,0,0,0,0,0,0,0,0,1,1,0,1,0,0,1,0,1,0,1,0,1,0,1,0,1,0,0,0,0,0,1,1,0,V,1
AABCDECCD04024041,0,0,0,0,0,0,0,0,0,0,0,0,1,1,0,1,0,0,1,0,1,0,1,0,1,0,1,0,1,0,0,0,0,0,1,1,1,D,1
AABCDEAABC0130606944,0,0,0,0,0,0,0,0,0,0,0,0,1,1,0,0,1,0,1,0,1,0,1,0,1,0,1,0,1,0,0,0,0,0,1,1,0,D,1
AABCDEAABC0130606945,0,0,0,0,0,0,0,0,0,0,0,0,1,1,0,0,1,0,1,0,1,0,1,0,1,0,1,0,1,0,0,0,0,0,1,1,1,D,1
AABCDEAABC0130606946,0,0,0,0,0,0,0,0,0,0,0,0,1,1,0,0,1,0,1,0,1,0,1,0,1,0,1,0,1,0,0,0,0,0,1,1,0,D,1
AABCDEAABC0130606947,0,0,0,0,0,0,0,0,0,0,0,0,1,1,0,0,1,0,1,0,1,0,1,0,1,0,1,0,1,0,0,0,0,0,1,1,1,D,1
ABCAABC0204747943,1,0,1,0,0,1,0,1,0,1,0,1,1,0,1,0,1,0,1,1,0,0,1,0,1,0,1,1,0,0,0,0,0,0,1,0,1,D,1
ABCAABC0206536684,1,0,1,0,0,1,0,1,0,1,0,1,1,0,1,0,1,0,1,1,0,0,1,0,1,0,1,1,0,0,0,0,0,0,1,0,0,D,1
ABCAABC10301003497,1,0,1,0,0,1,0,1,1,0,0,1,1,0,1,0,1,0,1,0,1,0,1,0,1,0,1,1,0,0,0,0,0,0,1,0,1,V,1
ABCCCD12012246990,1,0,1,0,0,1,0,1,0,1,0,1,1,0,1,0,1,0,1,0,1,0,1,0,1,0,1,1,0,0,0,0,0,0,1,0,1,D,1
ABCCCD1221262124,1,0,1,0,0,1,0,1,0,1,0,1,1,0,1,0,1,0,1,1,0,1,0,0,1,0,1,1,0,0,0,0,0,0,1,0,1,V,1
ABCCCD04031181085,1,0,1,0,0,1,0,1,0,1,0,1,1,0,1,0,1,0,1,0,1,1,0,0,1,0,1,1,0,0,0,0,0,0,1,0,0,D,1
ABCCCD0824254028,1,0,1,0,0,1,0,1,0,1,0,1,1,0,1,0,1,0,1,0,1,0,1,0,1,0,1,1,0,0,0,0,0,0,1,0,1,V,1
ABCCCD1AABC566027,1,0,1,0,0,1,0,1,0,1,0,1,1,0,1,0,1,0,1,1,0,0,1,0,1,0,1,1,0,0,0,0,0,0,1,0,1,D,1
ABCAABC01042162315,1,0,1,0,0,1,0,1,0,1,0,1,1,0,1,0,1,0,1,1,0,0,1,0,1,0,1,1,0,0,0,0,0,0,1,0,1,D,1
ABCAABC0119689374,1,0,1,0,0,1,0,1,0,1,0,1,1,0,1,0,1,0,1,0,1,0,1,0,1,0,1,1,0,0,0,0,0,0,1,0,0,D,1
ABCAABC0206551428,1,0,1,0,0,1,0,1,0,1,0,1,1,0,1,0,1,0,1,0,1,0,1,0,1,0,1,1,0,0,0,0,0,0,1,0,0,V,1
ABCAABC04011388552,1,0,1,0,0,1,0,1,0,1,0,1,1,0,1,0,1,0,1,1,0,0,1,0,1,0,1,1,0,0,0,0,0,0,1,0,0,D,1
ABCAABC07081613791,1,0,1,0,0,1,0,1,0,1,0,1,1,0,1,0,1,0,1,0,1,0,1,0,1,0,1,1,0,0,0,0,0,0,1,0,0,D,1
ABCAABC10211056694,1,0,1,0,0,1,0,1,0,1,0,1,1,0,1,0,1,0,1,0,1,0,1,0,1,0,1,1,0,0,0,0,0,0,1,0,0,D,1
ABCCCD0329233151,1,1,0,0,0,0,0,0,0,0,0,1,1,0,1,0,1,0,1,0,1,0,1,0,1,0,1,1,0,0,1,0,0,0,1,0,1,D,1
ABCCCD0524241908,1,1,0,0,0,0,0,0,0,0,0,1,1,0,1,0,1,0,1,0,1,0,1,0,1,0,1,1,0,0,1,0,0,0,1,0,1,V,1
ABCCCD0612232223,1,0,1,0,0,1,0,1,0,1,0,1,1,0,1,0,1,0,1,0,1,0,1,0,1,0,1,1,0,0,0,0,0,0,1,0,1,V,1
ABCCCD0630337993,1,1,0,0,0,0,0,0,0,0,0,1,1,0,1,0,1,0,1,0,1,0,1,0,1,0,1,1,0,0,1,0,0,0,1,0,1,V,1
ABCCCD0708612584,1,1,0,0,0,0,0,0,0,0,0,1,1,0,1,0,1,0,1,1,0,0,1,0,1,0,1,1,0,0,1,0,0,0,1,0,1,V,1
ABCCCD0724233950,1,1,0,0,0,0,0,0,0,0,1,0,1,0,1,0,1,0,1,0,1,0,1,0,1,0,1,1,0,0,1,0,0,0,1,0,1,D,1
ABCCCD0729123434,1,0,1,0,0,1,0,1,0,1,0,1,1,0,1,0,1,0,1,1,0,1,0,0,1,0,1,1,0,0,0,0,0,0,1,0,0,D,1
ABCCCD1015286139,1,1,0,0,0,0,0,0,0,0,0,1,1,0,1,0,1,0,1,0,1,0,1,0,1,0,1,1,0,0,1,0,0,0,1,0,1,D,1
ABCAABC07051231719,1,1,0,0,0,0,0,0,0,0,0,1,1,0,1,0,1,0,1,0,1,0,1,0,1,0,1,1,0,0,1,0,0,0,1,0,1,D,1
AABCDEAABC08038914,0,0,0,0,0,0,0,0,0,0,0,0,1,1,0,0,1,0,1,0,1,0,1,0,1,0,1,0,1,0,0,0,0,0,1,0,0,V,1
AABCDEAABC0905609715,1,0,1,0,0,1,1,0,0,1,0,1,1,1,0,0,1,0,1,0,1,0,1,0,1,0,1,1,0,0,0,0,0,0,1,0,0,V,1
AABCDEAABC01CCD227,1,0,1,0,1,0,1,0,0,1,1,0,1,1,0,1,0,0,1,1,0,1,0,0,1,0,1,1,0,0,0,0,0,0,1,1,1,D,1
AABCDEAABC01CCD228,1,0,1,0,0,1,1,0,0,1,1,0,1,1,0,1,0,0,1,1,0,1,0,0,1,0,1,1,0,0,0,0,0,0,1,1,1,D,1
AABCDEAABC01CCD229,1,0,1,0,1,0,1,0,0,1,1,0,1,1,0,1,0,0,1,1,0,1,0,0,1,0,1,1,0,0,0,0,0,0,1,1,0,D,1
AABCDEAABC01CCD231,0,0,0,0,0,0,0,0,0,0,0,0,1,1,0,1,0,0,1,1,0,1,0,0,1,0,1,0,1,0,0,0,0,0,1,1,0,D,1
AABCDEAABC01CCD232,0,0,0,0,0,0,0,0,0,0,0,0,1,1,0,1,0,0,1,1,0,1,0,0,1,0,1,0,1,0,0,0,0,0,1,1,1,D,1
AABCDEAABC01CCD233,0,0,0,0,0,0,0,0,0,0,0,0,1,1,0,1,0,0,1,0,1,0,1,0,1,0,1,0,1,0,0,0,0,0,1,1,1,D,1
AABCDEAABC01CCD235,0,0,0,0,0,0,0,0,0,0,0,0,1,1,0,1,0,0,1,1,0,0,1,0,1,0,1,0,1,0,0,0,0,0,1,1,0,D,1
AABCDEAABC01CCD279,0,0,0,0,0,0,0,0,0,0,0,0,1,1,0,1,0,0,1,0,1,0,1,0,1,0,1,0,1,0,0,0,0,0,1,1,0,D,1
AABCDEAABC01CCD280,0,0,0,0,0,0,0,0,0,0,0,0,1,1,0,1,0,0,1,0,1,0,1,0,1,0,1,0,1,0,0,0,0,0,1,1,0,D,1
AABCDECCD0102118554,0,0,0,0,0,0,0,0,0,0,0,0,1,1,0,1,0,0,1,0,1,1,0,0,1,0,1,0,1,0,0,0,0,0,1,0,1,V,1
ABCCCD0606865089,1,0,1,0,0,1,0,1,1,0,0,1,1,0,1,0,1,0,1,0,1,0,1,0,1,0,1,1,0,0,0,0,0,0,1,0,1,D,1
ABCCCD08311986369,1,0,1,0,0,1,0,1,0,1,0,1,1,0,1,0,1,0,1,1,0,0,1,0,1,0,1,1,0,0,0,0,0,0,1,0,1,D,1
ABCAABC03271272206,1,0,1,0,0,1,0,1,0,1,0,1,1,0,1,0,1,0,1,1,0,0,1,0,1,0,1,1,0,0,0,0,0,0,1,0,1,D,1
ABCCCD0115998175,1,0,1,0,0,1,0,1,0,1,0,1,1,0,1,0,1,0,1,0,1,0,1,0,1,0,1,1,0,0,0,0,0,0,1,0,0,V,1
ABCCCD0115998176,1,0,1,0,0,1,0,1,0,1,0,1,1,0,1,0,1,0,1,0,1,0,1,0,1,0,1,1,0,0,0,0,0,0,1,0,1,D,1
ABCCCD0208349639,1,0,1,0,1,0,0,1,0,1,0,1,1,0,1,0,1,0,1,0,1,0,1,0,1,0,1,1,0,0,0,0,0,0,1,0,0,D,1
ABCCCD0809225009,1,0,1,0,0,1,0,1,0,1,0,1,1,0,1,0,1,0,1,0,1,0,1,0,1,0,1,1,0,0,0,0,0,0,1,0,1,D,1
ABCCCD0829457187,1,0,1,0,0,1,0,1,0,1,0,1,1,0,1,0,1,0,1,0,1,0,1,0,1,0,1,1,0,0,0,0,0,0,1,0,1,V,1
ABCCCD0927349672,1,0,1,0,0,1,0,1,0,1,0,1,1,0,1,0,1,0,1,1,0,0,1,0,1,0,1,1,0,0,0,0,0,0,1,0,0,D,1
ABCCCD10051132766,1,0,1,0,0,1,0,1,0,1,0,1,1,0,1,0,1,0,1,1,0,0,1,0,1,0,1,1,0,0,0,0,0,0,1,0,0,V,1
ABCCCD1213967676,1,0,1,0,0,1,0,1,0,1,0,1,1,0,1,0,1,0,1,0,1,0,1,0,1,0,1,1,0,0,0,0,0,0,1,0,1,D,1
ABCAABC02171354110,1,0,1,0,0,1,0,1,0,1,0,1,1,0,1,0,1,0,1,1,0,0,1,0,1,0,1,1,0,0,0,0,0,0,1,0,1,V,1
ABCAABC0223644202,1,0,1,0,0,1,0,1,0,1,0,1,1,0,1,0,1,0,1,1,0,1,0,0,1,0,1,1,0,0,0,0,0,0,1,0,1,D,1
ABCAABC1129159894,1,0,1,0,0,1,0,1,0,1,0,1,1,0,1,0,1,0,1,0,1,0,1,0,1,0,1,1,0,0,0,0,0,0,1,0,0,V,1
ABCAABC0312861454,1,0,1,0,0,1,0,1,0,1,0,1,1,0,1,0,1,0,1,1,0,0,1,0,1,0,1,1,0,0,0,0,0,0,1,1,0,V,1
ABCAABC0412322695,1,0,1,0,0,1,0,1,0,1,0,1,1,0,1,0,1,0,1,0,1,0,1,0,1,0,1,1,0,0,0,0,0,0,1,1,1,D,1
AABCDECCD0526202350,1,0,1,0,0,1,1,0,0,1,0,1,1,0,1,0,1,0,1,0,1,0,1,0,1,0,1,1,0,0,0,0,0,0,1,0,0,D,1
ABCCCD12171851543,1,0,0,1,0,0,0,0,0,0,0,0,1,0,1,0,1,0,1,0,1,0,1,0,1,0,1,1,0,0,0,0,0,0,1,0,0,D,1
ABCCCD01091722105,1,0,0,1,0,0,0,0,0,0,0,0,1,0,1,0,1,0,1,0,1,0,1,0,1,0,1,1,0,0,0,0,0,0,1,0,0,D,1
ABCCCD0115760565,1,0,0,1,0,0,0,0,0,0,0,0,1,0,1,0,1,0,1,0,1,0,1,0,1,0,1,1,0,0,0,0,0,0,1,0,0,D,1
ABCCCD02261768869,1,0,0,1,0,0,0,0,0,0,0,0,1,0,1,0,1,0,1,0,1,0,1,0,1,0,1,1,0,0,0,0,0,0,1,0,1,D,1
AABCDECCD0327309935,1,0,1,0,0,1,1,0,0,1,0,1,1,1,0,1,0,0,1,0,1,0,1,0,1,0,1,1,0,0,0,0,0,0,1,0,0,D,1
ABCCCD0415769519,1,0,0,1,0,0,0,0,0,0,0,0,1,0,1,0,1,0,1,0,1,0,1,0,1,0,1,1,0,0,0,0,0,0,1,0,1,D,1
AABCDECCD062420512,1,0,1,0,0,1,1,0,0,1,0,1,1,0,1,0,1,0,1,0,1,0,1,0,1,0,1,1,0,0,0,0,0,0,1,0,0,D,1
AABCDECCD062719946,1,0,1,0,0,1,1,0,0,1,0,1,1,1,0,1,0,0,1,0,1,0,1,0,1,0,1,1,0,0,0,0,0,0,1,0,1,V,1
ABCCCD07291515469,1,1,0,0,0,0,0,0,0,0,0,1,1,0,1,0,1,0,1,0,1,0,1,0,1,0,1,1,0,0,1,0,0,0,1,0,1,D,1
ABCCCD08101299434,1,0,0,1,0,0,0,0,0,0,0,0,1,0,1,0,1,0,1,0,1,0,1,0,1,0,1,1,0,0,0,0,0,0,1,0,0,D,1
ABCCCD08254121385,1,0,1,0,0,1,0,1,0,1,0,1,1,0,1,0,1,0,1,1,0,1,0,0,1,0,1,1,0,0,0,0,0,0,1,0,1,D,1
ABCCCD08301784778,1,0,1,0,0,1,0,1,0,1,0,1,1,0,1,0,1,0,1,1,0,1,0,0,1,0,1,1,0,0,0,0,0,0,1,0,1,D,1
ABCCCD09051508165,1,0,1,0,0,1,0,1,0,1,0,1,1,0,1,0,1,0,1,1,0,1,0,0,1,0,1,1,0,0,0,0,0,0,1,0,0,D,1
ABCCCD11021321980,1,1,0,0,0,0,0,0,0,0,0,1,1,0,1,0,1,0,1,1,0,0,1,0,1,0,1,1,0,0,1,0,0,0,1,0,0,D,1
ABCCCD11152051779,1,0,1,0,0,1,0,1,0,1,0,1,1,0,1,0,1,0,1,1,0,1,0,0,1,0,1,1,0,0,0,0,0,0,1,0,1,D,1
ABCCCD12241087001,1,1,0,0,0,0,0,0,0,0,0,1,1,0,1,0,1,0,1,1,0,0,1,0,1,0,1,1,0,0,1,0,0,0,1,0,0,D,1
ABCAABC020778701,1,0,0,1,0,0,0,0,0,0,0,0,1,0,1,0,1,0,1,0,1,0,1,0,1,0,1,1,0,0,0,0,0,0,1,0,1,V,1
ABCAABC0219476376,1,1,0,0,0,0,0,0,0,0,0,1,1,0,1,0,1,0,1,0,1,0,1,0,1,0,1,1,0,0,1,0,0,0,1,0,1,D,1
ABCAABC03021228196,1,0,1,0,0,1,0,1,0,1,0,1,1,0,1,0,1,0,1,0,1,0,1,0,1,0,1,1,0,0,0,0,0,0,1,0,1,V,1
AABCDEAABC0309117755,0,0,0,0,0,0,0,0,0,0,0,0,1,1,0,1,0,0,1,0,1,0,1,0,1,0,1,0,1,0,0,0,0,0,1,0,1,D,1
ABCAABC05132273206,1,0,1,0,0,1,0,1,0,1,0,1,1,0,1,0,1,0,1,1,0,1,0,0,1,0,1,1,0,0,0,0,0,0,1,0,0,D,1
ABCAABC05263000601,1,0,0,1,0,0,0,0,0,0,0,0,1,0,1,0,1,0,1,0,1,0,1,0,1,0,1,1,0,0,0,0,0,0,1,0,1,D,1
AABCDEAABC0602707382,1,0,1,0,0,1,1,0,0,1,0,1,1,1,0,1,0,0,1,0,1,0,1,0,1,0,1,1,0,0,0,0,0,0,1,0,0,V,1
ABCAABC06082118657,1,0,1,0,0,1,0,1,0,1,0,1,1,0,1,0,1,0,1,1,0,1,0,0,1,0,1,1,0,0,0,0,0,0,1,0,0,V,1
ABCAABC07111800583,1,0,0,1,0,0,0,0,0,0,0,0,1,0,1,0,1,0,1,0,1,0,1,0,1,0,1,1,0,0,0,0,0,0,1,0,1,V,1
ABCAABC07221433788,1,0,0,1,0,0,0,0,0,0,0,0,1,0,1,0,1,0,1,0,1,0,1,0,1,0,1,1,0,0,0,0,0,0,1,0,1,V,1
ABCAABC07281788791,1,0,1,0,0,1,0,1,0,1,0,1,1,0,1,0,1,0,1,1,0,1,0,0,1,0,1,1,0,0,0,0,0,0,1,0,1,V,1
ABCAABC0809769703,1,0,1,0,0,1,0,1,0,1,0,1,1,0,1,0,1,0,1,0,1,0,1,0,1,0,1,1,0,0,0,0,0,0,1,0,0,D,1
ABCAABC08132152853,1,0,0,1,0,0,0,0,0,0,0,0,1,0,1,0,1,0,1,0,1,0,1,0,1,0,1,1,0,0,0,0,0,0,1,0,0,D,1
ABCAABC0814515234,1,1,0,0,0,0,0,0,0,0,0,1,1,0,1,0,1,0,1,0,1,0,1,0,1,0,1,1,0,0,1,0,0,0,1,0,1,D,1
ABCAABC0814515236,1,0,0,1,0,0,0,0,0,0,0,0,1,0,1,0,1,0,1,0,1,0,1,0,1,0,1,1,0,0,0,0,0,0,1,0,0,V,1
ABCAABC08191420879,1,0,0,1,0,0,0,0,0,0,0,0,1,0,1,0,1,0,1,0,1,0,1,0,1,0,1,1,0,0,0,0,0,0,1,0,0,D,1
ABCAABC09171730681,1,0,1,0,0,1,0,1,0,1,0,1,1,0,1,0,1,0,1,1,0,1,0,0,1,0,1,1,0,0,0,0,0,0,1,0,1,D,1
ABCAABC0921289369,1,0,1,0,0,1,0,1,0,1,0,1,1,0,1,0,1,0,1,1,0,1,0,0,1,0,1,1,0,0,0,0,0,0,1,0,0,D,1
ABCAABC09261110411,1,0,0,1,0,0,0,0,0,0,0,0,1,0,1,0,1,0,1,0,1,0,1,0,1,0,1,1,0,0,0,0,0,0,1,0,0,D,1
ABCAABC10022319239,1,0,0,1,0,0,0,0,0,0,0,0,1,0,1,0,1,0,1,0,1,0,1,0,1,0,1,1,0,0,0,0,0,0,1,0,0,D,1
ABCAABC1006587139,1,0,0,1,0,0,0,0,0,0,0,0,1,0,1,0,1,0,1,0,1,0,1,0,1,0,1,1,0,0,0,0,0,0,1,0,0,D,1
ABCAABC10071460666,1,0,0,1,0,0,0,0,0,0,0,0,1,0,1,0,1,0,1,0,1,0,1,0,1,0,1,1,0,0,0,0,0,0,1,0,0,D,1
ABCAABC1011621429,1,0,1,0,0,1,0,1,0,1,0,1,1,0,1,0,1,0,1,1,0,1,0,0,1,0,1,1,0,0,0,0,0,0,1,0,0,V,1
ABCAABC1013985998,1,0,0,1,0,0,0,0,0,0,0,0,1,0,1,0,1,0,1,0,1,0,1,0,1,0,1,1,0,0,0,0,0,0,1,0,0,V,1
ABCAABC10251665456,1,0,1,0,0,1,0,1,0,1,0,1,1,0,1,0,1,0,1,1,0,1,0,0,1,0,1,1,0,0,0,0,0,0,1,0,0,D,1
ABCAABC1110420446,1,0,1,0,0,1,0,1,0,1,0,1,1,0,1,0,1,0,1,1,0,1,0,0,1,0,1,1,0,0,0,0,0,0,1,0,0,D,1
ABCCCD0228514742,1,1,0,0,0,0,0,0,0,0,0,1,1,0,1,0,1,0,1,0,1,0,1,0,1,0,1,1,0,0,1,0,0,0,1,0,0,V,1
ABCCCD0503339221,1,0,1,0,0,1,0,1,0,1,0,1,1,0,1,0,1,0,1,1,0,0,1,0,1,0,1,1,0,0,0,0,0,0,1,0,0,D,1
ABCCCD0623153428,1,0,1,0,0,1,0,1,0,1,0,1,1,0,1,0,1,0,1,0,1,0,1,0,1,0,1,1,0,0,0,0,0,0,1,0,1,V,1
ABCCCD0825505224,1,0,1,0,0,1,0,1,0,1,0,1,1,0,1,0,1,0,1,1,0,1,0,0,1,0,1,1,0,0,0,0,0,0,1,0,1,D,1
ABCCCD120921777,1,0,1,0,0,1,0,1,0,1,0,1,1,0,1,0,1,0,1,1,0,1,0,0,1,0,1,1,0,0,0,0,0,0,1,0,1,V,1
AABCDECCD043017866,1,0,1,0,0,1,1,0,0,1,0,1,1,1,0,1,0,0,1,0,1,0,1,0,1,0,1,1,0,0,0,0,0,0,1,0,1,V,1
AABCDECCD0505310173,1,0,1,0,0,1,1,0,0,1,0,1,1,1,0,1,0,0,1,0,1,0,1,0,1,0,1,1,0,0,0,0,0,0,1,0,0,V,1
AABCDECCD051419410,1,0,1,0,0,1,1,0,0,1,0,1,1,1,0,1,0,0,1,0,1,0,1,0,1,0,1,1,0,0,0,0,0,0,1,0,0,D,1
AABCDECCD0521125741,1,0,1,0,0,1,1,0,0,1,0,1,1,1,0,1,0,0,1,1,0,1,0,0,1,0,1,1,0,0,0,0,0,0,1,0,0,D,1
ABCAABC07041879112,1,1,0,0,0,0,0,0,0,0,0,1,1,0,1,0,1,0,1,0,1,0,1,0,1,0,1,1,0,0,1,0,0,0,1,0,1,D,1
AABCDEAABC1023203748,0,0,0,0,0,0,0,0,0,0,0,0,1,1,0,1,0,0,1,1,0,1,0,0,1,0,1,0,1,0,0,0,0,0,1,0,1,V,1
ABCAABC05052402180,1,0,1,0,0,1,0,1,0,1,0,1,1,0,1,0,1,0,1,0,1,0,1,0,1,0,1,1,0,0,0,0,0,0,1,0,0,D,1
ABCAABC06091531430,1,0,1,0,0,1,0,1,0,1,0,1,1,0,1,0,1,0,1,0,1,0,1,0,1,0,1,1,0,0,0,0,0,0,1,0,0,V,1
ABCAABC0904293720,1,0,1,0,0,1,0,1,0,1,0,1,1,0,1,0,1,0,1,0,1,0,1,0,1,0,1,1,0,0,0,0,0,0,1,0,0,D,1
ABCCCD02231700358,1,0,1,0,0,1,0,1,0,1,0,1,1,0,1,0,1,0,1,0,1,1,0,0,1,1,0,1,0,0,0,0,0,0,1,0,1,D,1
ABCAABC01012945220,1,0,1,0,0,1,0,1,0,1,0,1,1,0,1,0,1,0,1,1,0,1,0,0,1,0,1,1,0,0,0,0,0,0,1,0,0,D,1
ABCAABC0204439756,1,0,0,1,0,0,0,0,0,0,0,0,1,0,1,0,1,0,1,0,1,0,1,0,1,0,1,1,0,0,0,0,0,0,1,0,1,D,1
ABCAABC02252355737,1,0,0,1,0,0,0,0,0,0,0,0,1,0,1,0,1,0,1,0,1,0,1,0,1,0,1,1,0,0,0,0,0,0,1,0,0,D,1
ABCAABC0709709251,1,0,1,0,0,1,0,1,0,1,0,1,1,0,1,0,1,0,1,1,0,1,0,0,1,0,1,1,0,0,0,0,0,0,1,0,1,V,1
ABCAABC07131015437,1,0,1,0,0,1,0,1,0,1,0,1,1,0,1,0,1,0,1,0,1,0,1,0,1,0,1,1,0,0,0,0,0,0,1,0,0,V,1
ABCAABC08041638785,1,0,1,0,0,1,0,1,0,1,0,1,1,0,1,0,1,0,1,1,0,1,0,0,1,0,1,1,0,0,0,0,0,0,1,0,1,D,1
ABCAABC0922112639,1,0,1,0,0,1,0,1,0,1,0,1,1,0,1,0,1,0,1,0,1,0,1,0,1,0,1,1,0,0,0,0,0,0,1,0,0,D,1
AABCDEAABC0828712399,1,0,1,0,0,1,1,0,0,1,0,1,1,0,1,0,1,0,1,0,1,0,1,0,1,0,1,1,0,0,0,0,0,0,1,1,1,D,1
AABCDEAABC0828513171,1,0,1,0,0,1,1,0,0,1,0,1,1,0,1,0,1,0,1,0,1,0,1,0,1,0,1,1,0,0,0,0,0,0,1,1,0,D,1
AABCDEAABC0828313444,0,0,0,0,0,0,0,0,0,0,0,0,1,0,1,0,1,0,1,0,1,0,1,0,1,0,1,0,1,0,0,0,0,0,1,1,0,D,1
AABCDEAABC0828313453,0,0,0,0,0,0,0,0,0,0,0,0,1,0,1,0,1,0,1,0,1,0,1,0,1,0,1,0,1,0,0,0,0,0,1,1,0,D,1
AABCDEAABC0828313462,0,0,0,0,0,0,0,0,0,0,0,0,1,0,1,0,1,0,1,0,1,0,1,0,1,0,1,0,1,0,0,0,0,0,1,1,1,D,1
AABCDEAABC0828313470,0,0,0,0,0,0,0,0,0,0,0,0,1,0,1,0,1,0,1,0,1,0,1,0,1,0,1,0,1,0,0,0,0,0,1,1,0,V,1
AABCDEAABC0829613891,0,0,0,0,0,0,0,0,0,0,0,0,1,0,1,0,1,0,1,0,1,0,1,0,1,0,1,0,1,0,0,0,0,0,1,1,1,D,1
AABCDEAABC0829613894,0,0,0,0,0,0,0,0,0,0,0,0,1,0,1,0,1,0,1,0,1,0,1,0,1,0,1,0,1,0,0,0,0,0,1,1,1,D,1
AABCDECCD0411309302,1,0,1,0,0,1,1,0,0,1,0,1,1,1,0,1,0,0,1,0,1,0,1,0,1,0,1,1,0,0,0,0,0,0,1,0,0,V,1
AABCDECCD0928212338,1,0,1,0,0,1,1,0,0,1,0,1,1,1,0,1,0,0,1,0,1,0,1,0,1,0,1,1,0,0,0,0,0,0,1,0,0,V,1
AABCDECCD1127507541,1,0,1,0,0,1,1,0,0,1,1,0,1,1,0,1,0,0,1,1,0,0,1,0,1,0,1,1,0,0,0,0,0,0,1,0,1,V,1
AABCDEAABC011912829,1,0,1,0,0,1,1,0,0,1,1,0,1,1,0,0,1,0,1,0,1,0,1,0,1,0,1,1,0,0,0,0,0,0,1,0,1,D,1
AABCDEAABC0207602280,1,0,1,0,0,1,1,0,0,1,0,1,1,1,0,1,0,0,1,0,1,0,1,0,1,0,1,1,0,0,0,0,0,0,1,0,1,V,1
AABCDEAABC0811700712,0,0,0,0,0,0,0,0,0,0,0,0,1,1,0,1,0,0,1,0,1,0,1,0,1,0,1,0,1,0,0,0,0,1,0,0,0,D,1
ABCAABC09222048105,1,0,0,1,0,0,0,0,0,0,0,0,1,0,1,0,1,0,1,0,1,0,1,0,1,0,1,1,0,0,0,0,0,0,1,0,0,D,1
AABCDEAABC1006712021,1,0,1,0,0,1,1,0,0,1,0,1,1,1,0,1,0,0,1,0,1,0,1,0,1,0,1,1,0,0,0,0,0,0,1,0,1,V,1
ABCAABC1012996051,1,0,1,0,0,1,0,1,0,1,0,1,1,0,1,0,1,0,1,1,0,0,1,0,1,0,1,1,0,0,0,0,0,0,1,0,1,V,1
AABCDEAABC0312213008,1,0,1,0,0,1,1,0,0,1,0,1,1,1,0,1,0,0,1,1,0,1,0,0,1,0,1,1,0,0,0,0,0,0,1,1,0,D,1
AABCDEAABC0312312917,1,0,1,0,0,1,1,0,0,1,0,1,1,1,0,1,0,0,1,1,0,1,0,0,1,0,1,1,0,0,0,0,0,0,1,1,1,D,1
AABCDEAABC0312313027,1,0,1,0,0,1,1,0,0,1,0,1,1,1,0,1,0,0,1,1,0,1,0,0,1,0,1,1,0,0,0,0,0,0,1,1,1,V,1
AABCDEAABC0312313053,1,0,1,0,0,1,1,0,0,1,0,1,1,1,0,1,0,0,1,1,0,1,0,0,1,0,1,1,0,0,0,0,0,0,1,1,0,D,1
AABCDEAABC0312313062,0,0,0,0,0,0,0,0,0,0,0,0,1,1,0,1,0,0,1,1,0,1,0,0,1,0,1,0,1,0,0,0,0,0,1,1,1,V,1
AABCDEAABC0319611556,0,0,0,0,0,0,0,0,0,0,0,0,1,0,1,0,1,0,1,0,1,0,1,0,1,1,0,0,1,0,0,0,0,0,1,1,1,V,1
AABCDEAABC0512511059,1,0,1,0,0,1,1,0,0,1,0,1,1,0,1,0,1,1,0,1,0,0,1,0,1,0,1,1,0,0,0,0,0,0,1,1,0,D,1
AABCDEAABC0512511093,1,0,1,0,0,1,1,0,0,1,0,1,1,0,1,0,1,1,0,1,0,0,1,0,1,0,1,1,0,0,0,0,0,0,1,1,1,D,1
AABCDEAABC0512511877,1,0,1,0,0,1,1,0,0,1,0,1,1,0,1,0,1,1,0,1,0,0,1,0,1,0,1,1,0,0,0,0,0,0,1,1,0,D,1
AABCDEAABC05136948,0,0,0,0,0,0,0,0,0,0,0,0,1,0,1,0,1,1,0,1,0,0,1,0,1,0,1,0,1,0,0,0,0,0,1,1,1,V,1
AABCDEAABC05136955,0,0,0,0,0,0,0,0,0,0,0,0,1,0,1,0,1,1,0,1,0,0,1,0,1,0,1,0,1,0,0,0,0,0,1,1,1,D,1
AABCDEAABC0531110773,0,0,0,0,0,0,0,0,0,0,0,0,1,1,0,1,0,0,1,0,1,0,1,0,1,0,1,0,1,0,0,0,0,0,1,1,1,D,1
AABCDEAABC06018663,0,0,0,0,0,0,0,0,0,0,0,0,1,1,0,1,0,0,1,0,1,0,1,0,1,0,1,0,1,0,0,0,0,0,1,1,0,V,1
ABCCCD10241657282,1,0,1,0,0,1,0,1,0,1,0,1,1,0,1,0,1,0,1,1,0,0,1,0,1,0,1,1,0,0,0,0,0,0,1,0,0,V,1
ABCCCD02021644767,1,0,1,0,0,1,0,1,0,1,0,1,1,0,1,0,1,0,1,1,0,1,0,0,1,0,1,1,0,0,0,0,0,0,1,0,1,D,1
ABCCCD03281537076,1,0,1,0,0,1,0,1,0,1,0,1,1,0,1,0,1,0,1,1,0,0,1,0,1,0,1,1,0,0,0,0,0,0,1,0,1,D,1
ABCCCD06161633000,1,0,1,0,0,1,0,1,0,1,0,1,1,0,1,0,1,0,1,1,0,1,0,0,1,0,1,1,0,0,0,0,0,0,1,0,1,D,1
ABCCCD07071567496,1,0,1,0,0,1,0,1,0,1,0,1,1,0,1,0,1,0,1,0,1,0,1,0,1,0,1,1,0,0,0,0,0,0,1,0,1,V,1
ABCAABC01072035014,1,0,1,0,0,1,0,1,0,1,0,1,1,0,1,0,1,0,1,1,0,0,1,0,1,0,1,1,0,0,0,0,0,0,1,0,0,D,1
ABCAABC05202350507,1,0,1,0,0,1,0,1,0,1,0,1,1,0,1,0,1,0,1,0,1,0,1,0,1,0,1,1,0,0,0,0,0,0,1,0,0,V,1
ABCCCD0311471500,1,0,1,0,0,1,0,1,0,1,0,1,1,0,1,0,1,0,1,0,1,0,1,0,1,0,1,1,0,0,0,0,0,0,1,0,1,D,1
ABCCCD0414819158,1,0,1,0,0,1,0,1,0,1,0,1,1,0,1,0,1,0,1,1,0,1,0,0,1,0,1,1,0,0,0,0,0,0,1,0,1,D,1
ABCCCD07012172579,1,0,1,0,0,1,0,1,0,1,0,1,1,0,1,0,1,0,1,0,1,0,1,0,1,0,1,1,0,0,0,0,0,0,1,0,1,D,1
ABCCCD0927142176,1,0,1,0,0,1,0,1,0,1,0,1,1,0,1,0,1,0,1,1,0,1,0,0,1,0,1,1,0,0,0,0,0,0,1,0,1,D,1
ABCCCD102249746,1,0,1,0,0,1,0,1,0,1,0,1,1,0,1,0,1,0,1,0,1,0,1,0,1,0,1,1,0,0,0,0,0,0,1,0,1,D,1
ABCAABC01181310930,1,0,1,0,0,1,0,1,0,1,0,1,1,0,1,0,1,0,1,1,0,1,0,0,1,0,1,1,0,0,0,0,0,0,1,0,1,D,1
ABCAABC0304486962,1,0,1,0,0,1,0,1,0,1,0,1,1,0,1,0,1,0,1,1,0,1,0,0,1,0,1,1,0,0,0,0,0,0,1,0,1,D,1
AABCDECCD1008111406,1,0,1,0,0,1,1,0,0,1,0,1,1,1,0,1,0,0,1,1,0,0,1,0,1,0,1,1,0,0,0,0,0,0,1,0,1,D,1
AABCDECCD1021105049,1,0,1,0,0,1,1,0,0,1,0,1,1,1,0,1,0,0,1,1,0,0,1,0,1,0,1,1,0,0,0,0,0,0,1,0,1,D,1
AABCDECCD1116323,1,0,1,0,0,1,1,0,0,1,0,1,1,1,0,1,0,0,1,0,1,0,1,0,1,0,1,1,0,0,0,0,0,0,1,0,1,D,1
AABCDECCD1118211543,1,0,1,0,1,0,1,0,0,1,0,1,1,1,0,1,0,0,1,0,1,0,1,0,1,0,1,1,0,0,0,0,0,0,1,0,0,D,1
AABCDECCD1123745,1,0,1,0,0,1,1,0,0,1,0,1,1,1,0,1,0,0,1,0,1,0,1,0,1,0,1,1,0,0,0,0,0,0,1,0,0,V,1
AABCDECCD1125614,1,0,1,0,0,1,1,0,0,1,0,1,1,1,0,1,0,0,1,1,0,0,1,0,1,0,1,1,0,0,0,0,0,0,1,0,1,D,1
AABCDECCD120211317,1,0,1,0,0,1,1,0,0,1,0,1,1,1,0,1,0,0,1,1,0,0,1,0,1,0,1,1,0,0,0,0,0,0,1,0,1,V,1
AABCDECCD1231100162,1,0,1,0,0,1,1,0,0,1,1,0,1,1,0,1,0,0,1,0,1,0,1,0,1,0,1,1,0,0,0,0,0,0,1,0,1,D,1
AABCDECCD01073179,1,0,1,0,0,1,1,0,0,1,0,1,1,1,0,1,0,0,1,0,1,0,1,0,1,0,1,1,0,0,0,0,0,0,1,0,1,D,1
AABCDECCD0116200671,1,0,1,0,0,1,1,0,0,1,0,1,1,1,0,1,0,0,1,0,1,0,1,0,1,0,1,1,0,0,0,0,0,0,1,0,1,V,1
AABCDECCD0122203831,1,0,1,0,0,1,1,0,0,1,0,1,1,1,0,1,0,0,1,1,0,1,0,0,1,0,1,1,0,0,0,0,0,0,1,0,0,D,1
AABCDECCD0AABC00607,1,0,1,0,0,1,1,0,0,1,1,0,1,1,0,1,0,0,1,1,0,1,0,0,1,0,1,1,0,0,0,0,0,0,1,0,0,V,1
AABCDECCD0219212105,1,0,1,0,0,1,1,0,0,1,0,1,1,1,0,1,0,0,1,0,1,0,1,0,1,0,1,1,0,0,0,0,0,0,1,0,1,D,1
AABCDECCD0228676,1,0,1,0,0,1,1,0,0,1,0,1,1,1,0,1,0,0,1,1,0,1,0,0,1,0,1,1,0,0,0,0,0,0,1,0,0,D,1
AABCDECCD0312100093,1,0,1,0,0,1,1,0,0,1,1,0,1,1,0,1,0,0,1,0,1,0,1,0,1,0,1,1,0,0,0,0,0,0,1,0,1,V,1
AABCDECCD0421112239,1,0,1,0,0,1,1,0,0,1,0,1,1,1,0,1,0,0,1,1,0,0,1,0,1,0,1,1,0,0,0,0,0,0,1,0,0,D,1
AABCDECCD05155069,1,0,1,0,0,1,1,0,1,0,1,0,1,1,0,1,0,0,1,0,1,0,1,0,1,0,1,1,0,0,0,0,0,0,1,0,0,V,1
AABCDECCD0525203365,1,0,1,0,0,1,1,0,0,1,0,1,1,1,0,1,0,0,1,1,0,0,1,0,1,0,1,1,0,0,0,0,0,0,1,0,0,V,1
AABCDECCD0529303552,1,0,1,0,0,1,1,0,0,1,1,0,1,1,0,1,0,0,1,0,1,0,1,0,1,0,1,1,0,0,0,0,0,0,1,0,0,D,1
AABCDECCD0608104543,1,0,1,0,0,1,1,0,0,1,0,1,1,1,0,1,0,0,1,1,0,0,1,0,1,0,1,1,0,0,0,0,0,0,1,0,0,D,1
AABCDECCD06184242,1,0,1,0,0,1,1,0,0,1,0,1,1,1,0,1,0,0,1,0,1,0,1,0,1,0,1,1,0,0,0,0,0,0,1,0,0,D,1
AABCDECCD0713204809,1,0,1,0,0,1,1,0,0,1,0,1,1,1,0,1,0,0,1,0,1,0,1,0,1,0,1,1,0,0,0,0,0,0,1,0,0,D,1
AABCDECCD072114632,1,0,1,0,0,1,1,0,0,1,1,0,1,1,0,1,0,0,1,1,0,0,1,0,1,0,1,1,0,0,0,0,0,0,1,0,0,V,1
AABCDECCD0731220233,1,0,1,0,0,1,1,0,0,1,0,1,1,1,0,1,0,0,1,0,1,0,1,0,1,0,1,1,0,0,0,0,0,0,1,0,0,D,1
AABCDECCD08146241,1,0,1,0,0,1,1,0,0,1,0,1,1,1,0,1,0,0,1,1,0,0,1,0,1,0,1,1,0,0,0,0,0,0,1,0,1,V,1
AABCDECCD0905110340,1,0,1,0,0,1,1,0,0,1,1,0,1,1,0,1,0,0,1,1,0,1,0,0,1,0,1,1,0,0,0,0,0,0,1,0,0,D,1
AABCDECCD0912117414,1,0,1,0,0,1,1,0,0,1,0,1,1,1,0,1,0,0,1,0,1,0,1,0,1,0,1,1,0,0,0,0,0,0,1,0,0,D,1
AABCDECCD11AABC0472,1,0,1,0,0,1,1,0,0,1,0,1,1,1,0,1,0,0,1,1,0,1,0,0,1,0,1,1,0,0,0,0,0,0,1,0,1,D,1
AABCDEAABC0207206041,1,0,1,0,0,1,1,0,0,1,0,1,1,1,0,1,0,0,1,1,0,0,1,0,1,0,1,1,0,0,0,0,0,0,1,0,0,V,1
AABCDEAABC0309401748,1,0,1,0,0,1,1,0,0,1,0,1,1,1,0,1,0,0,1,0,1,0,1,0,1,0,1,1,0,0,0,0,0,0,1,0,0,D,1
AABCDEAABC0321600483,1,0,1,0,0,1,1,0,0,1,0,1,1,1,0,1,0,0,1,0,1,0,1,0,1,0,1,1,0,0,0,0,0,0,1,0,0,D,1
AABCDEAABC100915921,1,0,1,0,0,1,1,0,0,1,0,1,1,1,0,1,0,0,1,1,0,0,1,0,1,0,1,1,0,0,0,0,0,0,1,0,0,V,1
AABCDECCD1117406215,1,0,1,0,0,1,1,0,0,1,0,1,1,1,0,1,0,0,1,0,1,0,1,0,1,0,1,1,0,0,0,0,0,0,1,1,0,V,1
AABCDECCD1117208497,1,0,1,0,0,1,1,0,0,1,0,1,1,1,0,1,0,0,1,1,0,0,1,0,1,0,1,1,0,0,0,0,0,0,1,1,1,D,1
AABCDECCD1117607057,0,0,0,0,0,0,0,0,0,0,0,0,1,1,0,1,0,0,1,0,1,1,0,0,1,0,1,0,1,0,0,0,0,0,1,1,0,V,1
ABCCCD1023361303,1,0,1,0,0,1,0,1,0,1,0,1,1,0,1,0,1,0,1,0,1,1,0,0,1,1,0,1,0,0,0,0,0,0,1,0,0,V,1
ABCCCD0206349638,1,0,1,0,0,1,0,1,0,1,0,1,1,0,1,0,1,0,1,1,0,1,0,0,1,0,1,1,0,0,0,0,0,0,1,0,1,D,1
ABCCCD06191602398,1,0,1,0,0,1,0,1,0,1,0,1,1,0,1,0,1,0,1,0,1,0,1,1,0,0,1,1,0,0,0,0,0,0,1,0,1,D,1
ABCCCD0807146005,1,0,0,1,0,0,0,0,0,0,0,0,1,0,1,0,1,0,1,0,1,0,1,0,1,0,1,1,0,0,0,0,0,0,1,0,0,V,1
ABCCCD11261604378,1,0,1,0,0,1,0,1,0,1,0,1,1,0,1,0,1,0,1,1,0,1,0,0,1,0,1,1,0,0,0,0,0,0,1,0,0,D,1
ABCAABC01015816931,1,0,1,0,0,1,0,1,0,1,0,1,1,0,1,0,1,0,1,0,1,0,1,0,1,0,1,1,0,0,0,0,0,0,1,0,1,D,1
ABCAABC0521177852,1,0,1,0,0,1,0,1,0,1,0,1,1,0,1,0,1,0,1,1,0,0,1,0,1,0,1,1,0,0,0,0,0,0,1,0,1,V,1
ABCAABC0527191476,1,1,0,0,0,0,0,0,0,0,0,1,1,0,1,0,1,0,1,0,1,0,1,0,1,0,1,1,0,0,1,0,0,0,1,0,0,D,1
ABCAABC06254346041,1,0,1,0,0,1,0,1,0,1,0,1,1,0,1,0,1,0,1,0,1,0,1,0,1,0,1,1,0,0,0,0,0,0,1,0,0,V,1
ABCAABC09291202160,1,0,1,0,0,1,0,1,0,1,0,1,1,0,1,0,1,0,1,0,1,0,1,0,1,0,1,1,0,0,0,0,0,0,1,0,0,D,1
ABCAABC10253913166,1,1,0,0,0,0,0,0,0,0,0,1,1,0,1,0,1,0,1,0,1,0,1,0,1,0,1,1,0,0,1,0,0,0,1,0,0,D,1
AABCDECCD081618268,1,0,1,0,0,1,1,0,0,1,0,1,1,1,0,1,0,0,1,0,1,0,1,0,1,0,1,1,0,0,0,0,0,0,1,0,0,V,1
ABCCCD1030535686,1,0,1,0,0,1,0,1,0,1,0,1,1,0,1,0,1,0,1,0,1,0,1,0,1,0,1,1,0,0,0,0,0,0,1,0,1,D,1
ABCCCD0217711471,1,0,1,0,0,1,0,1,0,1,0,1,1,0,1,0,1,0,1,1,0,0,1,0,1,0,1,1,0,0,0,0,0,0,1,0,0,D,1
ABCCCD0320446747,1,0,1,0,0,1,0,1,0,1,0,1,1,0,1,0,1,0,1,0,1,0,1,0,1,0,1,1,0,0,0,0,0,0,1,0,1,D,1
ABCCCD0424559595,1,0,1,0,0,1,0,1,0,1,0,1,1,0,1,0,1,0,1,0,1,0,1,0,1,0,1,1,0,0,0,0,0,0,1,0,1,V,1
ABCCCD0509196748,1,0,1,0,0,1,0,1,0,1,0,1,1,0,1,0,1,0,1,1,0,1,0,0,1,0,1,1,0,0,0,0,0,0,1,0,0,V,1
ABCCCD0913694367,1,0,1,0,0,1,0,1,0,1,0,1,1,0,1,0,1,0,1,0,1,0,1,0,1,0,1,1,0,0,0,0,0,0,1,0,0,D,1
ABCCCD0928578710,1,0,1,0,0,1,0,1,0,1,0,1,1,0,1,0,1,0,1,1,0,1,0,0,1,0,1,1,0,0,0,0,0,0,1,0,0,D,1
ABCCCD1202655486,1,0,1,0,0,1,0,1,0,1,0,1,1,0,1,0,1,0,1,0,1,0,1,0,1,0,1,1,0,0,0,0,0,0,1,0,1,D,1
AABCDEAABC0304412386,1,0,1,0,0,1,1,0,0,1,1,0,1,1,0,0,1,0,1,0,1,0,1,0,1,0,1,1,0,0,0,0,0,0,1,0,0,D,1
ABCAABC03121929601,1,0,1,0,0,1,0,1,0,1,0,1,1,0,1,0,1,0,1,0,1,0,1,0,1,0,1,1,0,0,0,0,0,0,1,0,0,V,1
ABCAABC11151590625,1,0,1,0,0,1,0,1,0,1,0,1,1,0,1,0,1,0,1,0,1,0,1,0,1,0,1,1,0,0,0,0,0,0,1,0,0,D,1
AABCDECCD1007111127,1,0,1,0,0,1,1,0,0,1,1,0,1,1,0,1,0,0,1,1,0,1,0,0,1,0,1,1,0,0,0,0,0,0,1,0,0,D,1
ABCCCD1022248751,1,0,1,0,0,1,0,1,0,1,0,1,1,0,1,0,1,0,1,0,1,0,1,0,1,0,1,1,0,0,0,0,0,0,1,0,0,D,1
ABCCCD10261315586,1,0,1,0,0,1,0,1,0,1,0,1,1,0,1,0,1,0,1,1,0,0,1,0,1,0,1,1,0,0,0,0,0,0,1,0,1,D,1
ABCAABC0103525906,1,0,1,0,0,1,0,1,0,1,0,1,1,0,1,0,1,0,1,0,1,0,1,0,1,0,1,1,0,0,0,0,0,0,1,0,1,V,1
ABCAABC03081594101,1,0,1,0,0,1,0,1,0,1,0,1,1,0,1,0,1,0,1,1,0,0,1,0,1,0,1,1,0,0,0,0,0,0,1,0,1,D,1
ABCAABC0328323953,1,0,1,0,0,1,0,1,0,1,0,1,1,0,1,0,1,0,1,0,1,0,1,0,1,0,1,1,0,0,0,0,0,0,1,0,0,D,1
ABCAABC04261672843,1,0,1,0,0,1,0,1,0,1,0,1,1,0,1,0,1,0,1,1,0,0,1,0,1,0,1,1,0,0,0,0,0,0,1,0,1,D,1
ABCAABC0702725152,1,0,1,0,0,1,0,1,0,1,0,1,1,0,1,0,1,0,1,1,0,1,0,0,1,0,1,1,0,0,0,0,0,0,1,0,0,D,1
ABCAABC07231190677,1,0,1,0,0,1,0,1,0,1,0,1,1,0,1,0,1,0,1,1,0,0,1,0,1,0,1,1,0,0,0,0,0,0,1,0,1,V,1
ABCAABC07301561843,1,0,1,0,0,1,0,1,0,1,0,1,1,0,1,0,1,0,1,1,0,0,1,0,1,0,1,1,0,0,0,0,0,0,1,0,1,V,1
AABCDEAABC0915716404,1,0,1,0,0,1,1,0,0,1,0,1,1,1,0,0,1,0,1,0,1,0,1,0,1,0,1,1,0,0,0,0,0,0,1,0,0,V,1
AABCDEAABC110116995,1,0,1,0,0,1,1,0,0,1,0,1,1,1,0,0,1,0,1,0,1,0,1,0,1,0,1,1,0,0,0,0,0,0,1,0,1,V,1
ABCAABC1127760388,1,0,0,1,0,0,0,0,0,0,0,0,1,0,1,0,1,0,1,0,1,0,1,0,1,0,1,1,0,0,0,0,0,0,1,0,1,D,1
ABCCCD10071000410,1,0,1,0,0,1,0,1,0,1,0,1,1,0,1,0,1,0,1,0,1,0,1,0,1,0,1,1,0,0,0,0,0,0,1,0,0,D,1
ABCCCD11221514367,1,0,1,0,0,1,0,1,0,1,0,1,1,0,1,0,1,0,1,0,1,0,1,0,1,0,1,1,0,0,0,0,0,0,1,0,0,D,1
ABCCCD0209480035,1,0,1,0,0,1,0,1,0,1,0,1,1,0,1,0,1,0,1,1,0,1,0,0,1,0,1,1,0,0,0,0,0,0,1,0,0,D,1
ABCCCD0218658200,1,0,1,0,0,1,0,1,0,1,0,1,1,0,1,0,1,0,1,0,1,0,1,0,1,0,1,1,0,0,0,0,0,0,1,0,0,D,1
ABCCCD0501455523,1,0,1,0,0,1,0,1,0,1,0,1,1,0,1,0,1,0,1,0,1,0,1,0,1,0,1,1,0,0,0,0,0,0,1,0,1,D,1
ABCCCD0602946767,1,0,1,0,1,0,0,1,0,1,0,1,1,0,1,0,1,0,1,0,1,0,1,0,1,0,1,1,0,0,0,0,0,0,1,0,0,D,1
ABCCCD06031011152,1,0,1,0,0,1,0,1,0,1,0,1,1,0,1,0,1,0,1,0,1,0,1,0,1,0,1,1,0,0,0,0,0,0,1,0,0,D,1
ABCCCD11011510499,1,0,1,0,0,1,0,1,0,1,0,1,1,0,1,0,1,0,1,1,0,0,1,0,1,0,1,1,0,0,0,0,0,0,1,0,1,D,1
ABCCCD11121558063,1,1,0,0,0,0,0,0,0,0,0,1,1,0,1,0,1,0,1,0,1,0,1,0,1,0,1,1,0,0,1,0,0,0,1,0,1,D,1
ABCCCD11253678680,1,0,1,0,0,1,0,1,0,1,0,1,1,0,1,0,1,0,1,1,0,1,0,0,1,0,1,1,0,0,0,0,0,0,1,0,1,D,1
ABCCCD1202844693,1,0,1,0,0,1,0,1,0,1,0,1,1,0,1,0,1,0,1,1,0,1,0,0,1,0,1,1,0,0,0,0,0,0,1,0,0,D,1
ABCCCD12051197913,1,0,1,0,0,1,0,1,0,1,0,1,1,0,1,0,1,0,1,0,1,0,1,0,1,0,1,1,0,0,0,0,0,0,1,0,0,D,1
ABCAABC0116749986,1,0,1,0,0,1,0,1,0,1,0,1,1,0,1,0,1,0,1,1,0,1,0,0,1,0,1,1,0,0,0,0,0,0,1,0,1,V,1
ABCAABC03161638861,1,0,1,0,1,0,0,1,0,1,0,1,1,0,1,0,1,0,1,0,1,0,1,0,1,0,1,1,0,0,0,0,0,0,1,0,0,D,1
ABCAABC06141489732,1,0,1,0,0,1,0,1,0,1,0,1,1,0,1,0,1,0,1,1,0,1,0,0,1,0,1,1,0,0,0,0,0,0,1,0,0,D,1
ABCAABC08031744032,1,0,1,0,0,1,0,1,0,1,0,1,1,0,1,0,1,0,1,1,0,1,0,0,1,0,1,1,0,0,0,0,0,0,1,0,0,D,1
ABCAABC09011345235,1,0,1,0,0,1,0,1,0,1,0,1,1,0,1,0,1,0,1,1,0,0,1,0,1,0,1,1,0,0,0,0,0,0,1,0,1,D,1
ABCAABC10061709784,1,0,1,0,0,1,0,1,0,1,0,1,1,0,1,0,1,0,1,0,1,0,1,0,1,0,1,1,0,0,0,0,0,0,1,0,0,D,1
ABCCCD1004134101,1,0,1,0,0,1,0,1,0,1,0,1,1,0,1,0,1,0,1,1,0,0,1,0,1,0,1,1,0,0,0,0,0,0,1,0,0,D,1
ABCCCD10061102906,1,0,0,1,0,0,0,0,0,0,0,0,1,0,1,0,1,0,1,0,1,0,1,0,1,0,1,1,0,0,0,0,0,0,1,0,0,V,1
ABCCCD11262396811,1,0,1,0,0,1,0,1,0,1,0,1,1,0,1,0,1,0,1,1,0,1,0,0,1,0,1,1,0,0,0,0,0,0,1,0,0,V,1
ABCAABC0209359218,1,0,1,0,0,1,0,1,0,1,0,1,1,0,1,0,1,0,1,1,0,1,0,0,1,0,1,1,0,0,0,0,0,0,1,0,1,V,1
ABCCCD0129698393,1,0,1,0,0,1,0,1,0,1,0,1,1,0,1,0,1,0,1,1,0,0,1,0,1,0,1,1,0,0,0,0,0,0,1,0,1,D,1
AABCDEAABC021512627,1,0,1,0,0,1,1,0,0,1,0,1,1,1,0,0,1,0,1,1,0,0,1,0,1,0,1,1,0,0,0,0,0,0,1,1,0,D,1
AABCDEAABC021813156,1,0,1,0,0,1,1,0,0,1,0,1,1,1,0,0,1,0,1,0,1,1,0,0,1,1,0,1,0,0,0,0,0,0,1,1,0,D,1
AABCDEAABC021813158,1,0,1,0,0,1,1,0,0,1,1,0,1,1,0,0,1,0,1,1,0,0,1,0,1,0,1,1,0,0,0,0,0,0,1,1,1,D,1
AABCDEAABC0219104974,1,0,1,0,0,1,1,0,0,1,0,1,1,1,0,0,1,0,1,0,1,1,0,0,1,1,0,1,0,0,0,0,0,0,1,1,0,V,1
AABCDEAABC0219104975,1,0,1,0,0,1,1,0,0,1,1,0,1,1,0,0,1,0,1,1,0,0,1,0,1,0,1,1,0,0,0,0,0,0,1,1,1,D,1
AABCDEAABC0220403289,0,0,0,0,0,0,0,0,0,0,0,0,1,1,0,0,1,0,1,0,1,1,0,0,1,1,0,0,1,0,0,0,0,0,1,1,1,V,1
AABCDEAABC0221409688,0,0,0,0,0,0,0,0,0,0,0,0,1,1,0,0,1,0,1,0,1,1,0,0,1,1,0,0,1,0,0,0,0,0,1,1,0,V,1
AABCDECCD0824329054,1,0,1,0,0,1,1,0,0,1,0,1,1,1,0,1,0,0,1,1,0,0,1,0,1,0,1,1,0,0,0,0,0,0,1,1,1,D,1
AABCDEAABC0308405361,1,0,1,0,0,1,1,0,1,0,0,1,1,1,0,1,0,0,1,0,1,0,1,0,1,0,1,1,0,0,0,0,0,0,1,1,1,V,1
ABCCCD1024789149,1,0,1,0,0,1,0,1,0,1,0,1,1,0,1,0,1,0,1,0,1,0,1,0,1,0,1,1,0,0,0,0,0,0,1,0,1,D,1
ABCCCD0116794317,1,0,1,0,0,1,0,1,0,1,0,1,1,0,1,0,1,0,1,0,1,0,1,0,1,0,1,1,0,0,0,0,0,0,1,0,0,D,1
ABCCCD0130260979,1,0,1,0,0,1,0,1,0,1,0,1,1,0,1,0,1,0,1,0,1,0,1,0,1,0,1,1,0,0,0,0,0,0,1,0,1,D,1
ABCCCD0913769374,1,0,1,0,0,1,0,1,0,1,0,1,1,0,1,0,1,0,1,1,0,0,1,0,1,0,1,1,0,0,0,0,0,0,1,0,1,V,1
ABCAABC0625880389,1,0,1,0,0,1,0,1,0,1,0,1,1,0,1,0,1,0,1,1,0,0,1,0,1,0,1,1,0,0,0,0,0,0,1,0,1,D,1
ABCAABC0721185776,1,0,1,0,0,1,0,1,0,1,0,1,1,0,1,0,1,0,1,1,0,0,1,0,1,0,1,1,0,0,0,0,0,0,1,0,1,V,1
ABCAABC07231902919,1,0,1,0,0,1,0,1,0,1,0,1,1,0,1,0,1,0,1,1,0,0,1,0,1,0,1,1,0,0,0,0,0,0,1,0,0,D,1
ABCAABC08052196666,1,0,1,0,0,1,0,1,0,1,0,1,1,0,1,0,1,0,1,1,0,0,1,0,1,0,1,1,0,0,0,0,0,0,1,0,0,D,1
ABCAABC08201927068,1,0,1,0,0,1,0,1,0,1,0,1,1,0,1,0,1,0,1,0,1,0,1,0,1,0,1,1,0,0,0,0,0,0,1,0,0,V,1
ABCAABC08201927069,1,0,1,0,0,1,0,1,0,1,0,1,1,0,1,0,1,0,1,0,1,0,1,0,1,0,1,1,0,0,0,0,0,0,1,0,0,D,1
AABCDEAABC0730315420,1,0,1,0,0,1,1,0,0,1,0,1,1,0,1,0,1,0,1,0,1,1,0,0,1,1,0,1,0,0,0,0,0,0,1,1,1,D,1
AABCDEAABC0730118620,1,0,1,0,1,0,1,0,0,1,0,1,1,1,0,1,0,0,1,0,1,0,1,0,1,0,1,1,0,0,0,0,0,0,1,1,1,D,1
AABCDEAABC0730217469,1,0,1,0,0,1,1,0,0,1,0,1,1,1,0,1,0,0,1,0,1,0,1,0,1,0,1,1,0,0,0,0,0,0,1,1,1,V,1
AABCDEAABC0731213910,0,0,0,0,0,0,0,0,0,0,0,0,1,0,1,0,1,0,1,0,1,1,0,0,1,1,0,0,1,0,0,0,0,0,1,1,0,V,1
AABCDEAABC0731213912,0,0,0,0,0,0,0,0,0,0,0,0,1,1,0,0,1,0,1,0,1,0,1,0,1,0,1,0,1,0,0,0,0,0,1,1,0,V,1
AABCDEAABC0731213923,0,0,0,0,0,0,0,0,0,0,0,0,1,0,1,0,1,0,1,0,1,1,0,0,1,1,0,0,1,0,0,0,0,0,1,1,1,V,1
AABCDEAABC0731120275,0,0,0,0,0,0,0,0,0,0,0,0,1,1,0,0,1,0,1,0,1,0,1,0,1,0,1,0,1,0,0,0,0,0,1,1,1,V,1
AABCDEAABC0731513742,0,0,0,0,0,0,0,0,0,0,0,0,1,0,1,0,1,0,1,0,1,1,0,0,1,1,0,0,1,0,0,0,0,0,1,1,0,D,1
AABCDEAABC0731513741,0,0,0,0,0,0,0,0,0,0,0,0,1,1,0,0,1,0,1,0,1,0,1,0,1,0,1,0,1,0,0,0,0,0,1,1,0,D,1
AABCDEAABC0731116206,0,0,0,0,0,0,0,0,0,0,0,0,1,0,1,0,1,0,1,0,1,1,0,0,1,1,0,0,1,0,0,0,0,0,1,1,0,D,1
AABCDEAABC0731116208,0,0,0,0,0,0,0,0,0,0,0,0,1,1,0,0,1,0,1,0,1,0,1,0,1,0,1,0,1,0,0,0,0,0,1,1,1,D,1
AABCDEAABC0211213184,1,0,1,0,0,1,1,0,0,1,0,1,1,1,0,1,0,0,1,0,1,0,1,0,1,0,1,1,0,0,0,0,0,0,1,1,0,D,1
AABCDEAABC0211213185,1,0,1,0,0,1,1,0,0,1,0,1,1,0,1,0,1,0,1,0,1,0,1,0,1,0,1,1,0,0,0,0,0,0,1,1,1,D,1
AABCDEAABC0313411257,0,0,0,0,0,0,0,0,0,0,0,0,1,1,0,1,0,0,1,0,1,0,1,0,1,0,1,0,1,0,0,0,0,0,1,1,0,D,1
AABCDEAABC0313411258,0,0,0,0,0,0,0,0,0,0,0,0,1,0,1,0,1,0,1,0,1,0,1,0,1,0,1,0,1,0,0,0,0,0,1,1,0,V,1
AABCDEAABC0319506119,0,0,0,0,0,0,0,0,0,0,0,0,1,1,0,1,0,0,1,0,1,0,1,0,1,0,1,0,1,0,0,0,0,0,1,1,0,D,1
AABCDEAABC0325108237,0,0,0,0,0,0,0,0,0,0,0,0,1,1,0,1,0,0,1,0,1,0,1,0,1,0,1,0,1,0,0,0,0,0,1,1,1,D,1
ABCCCD1005542634,1,0,1,0,0,1,0,1,0,1,0,1,1,0,1,0,1,0,1,0,1,0,1,0,1,0,1,1,0,0,0,0,0,0,1,1,0,D,1
ABCCCD10061004641,1,0,1,0,0,1,0,1,0,1,0,1,1,0,1,0,1,0,1,1,0,1,0,0,1,0,1,1,0,0,0,0,0,0,1,1,0,D,1
AABCDECCD10085116,1,0,1,0,0,1,1,0,0,1,0,1,1,1,0,1,0,0,1,0,1,0,1,0,1,0,1,1,0,0,0,0,0,0,1,1,1,V,1
AABCDECCD1105314969,1,0,1,0,0,1,1,0,0,1,0,1,1,1,0,1,0,0,1,0,1,0,1,0,1,0,1,1,0,0,0,0,0,0,1,1,1,D,1
AABCDECCD1207305091,0,0,0,0,0,0,0,0,0,0,0,0,1,1,0,1,0,0,1,0,1,0,1,0,1,0,1,0,1,0,0,0,0,0,1,1,1,D,1
AABCDEAABC0110105222,0,0,0,0,0,0,0,0,0,0,0,0,1,1,0,1,0,0,1,0,1,0,1,0,1,0,1,0,1,0,0,0,0,0,1,1,0,D,1
AABCDEAABC0314113690,1,0,1,0,0,1,1,0,0,1,0,1,1,1,0,1,0,0,1,0,1,0,1,0,1,0,1,1,0,0,0,0,0,0,1,1,0,D,1
ABCCCD12015651966,1,0,0,1,0,0,0,0,0,0,0,0,1,0,1,0,1,0,1,0,1,0,1,0,1,0,1,1,0,0,0,0,0,0,1,0,0,V,1
ABCCCD01242204191,1,0,1,0,0,1,0,1,0,1,0,1,1,0,1,0,1,0,1,1,0,0,1,0,1,0,1,1,0,0,0,0,0,0,1,0,0,D,1
ABCCCD02271478923,1,0,1,0,0,1,0,1,0,1,0,1,1,0,1,0,1,0,1,0,1,1,0,0,1,0,1,1,0,0,0,0,0,0,1,0,1,D,1
ABCCCD04161333335,1,1,0,0,0,0,0,0,0,0,0,1,1,0,1,0,1,0,1,0,1,0,1,0,1,0,1,1,0,0,1,0,0,0,1,0,1,D,1
ABCCCD05051308746,1,0,1,0,0,1,0,1,0,1,0,1,1,0,1,0,1,0,1,1,0,1,0,0,1,0,1,1,0,0,0,0,0,0,1,0,0,D,1
ABCCCD0526677635,1,0,1,0,0,1,0,1,0,1,0,1,1,0,1,0,1,0,1,1,0,0,1,0,1,0,1,1,0,0,0,0,0,0,1,0,1,D,1
ABCCCD0814496529,1,0,1,0,0,1,0,1,0,1,0,1,1,0,1,0,1,0,1,0,1,0,1,0,1,0,1,1,0,0,0,0,0,0,1,0,1,V,1
ABCCCD09281744881,1,0,0,1,0,0,0,0,0,0,0,0,1,0,1,0,1,0,1,0,1,0,1,0,1,0,1,1,0,0,0,0,0,0,1,0,1,V,1
ABCCCD1031695650,1,0,1,0,0,1,0,1,0,1,1,0,1,0,1,0,1,0,1,0,1,0,1,0,1,0,1,1,0,0,0,0,0,0,1,0,0,D,1
ABCCCD12281877968,1,0,0,1,0,0,0,0,0,0,0,0,1,0,1,0,1,0,1,0,1,0,1,0,1,0,1,1,0,0,0,0,0,0,1,0,0,D,1
AABCDEAABC1125417429,1,0,1,0,1,0,1,0,0,1,1,0,1,0,1,1,0,0,1,0,1,1,0,0,1,0,1,1,0,0,0,0,0,0,1,1,1,D,1
AABCDEAABC0625314031,1,0,1,0,1,0,1,0,0,1,0,1,1,1,0,0,1,0,1,0,1,0,1,0,1,0,1,1,0,0,0,0,0,0,1,1,1,D,1
AABCDEAABC0625314034,0,0,0,0,0,0,0,0,0,0,0,0,1,1,0,0,1,0,1,0,1,0,1,0,1,0,1,0,1,0,0,0,0,0,1,1,1,V,1
AABCDEAABC0625314042,1,0,1,0,1,0,1,0,0,1,0,1,1,1,0,0,1,0,1,0,1,0,1,0,1,0,1,1,0,0,0,0,0,0,1,1,1,V,1
AABCDEAABC0625314050,0,0,0,0,0,0,0,0,0,0,0,0,1,1,0,0,1,0,1,0,1,0,1,0,1,0,1,0,1,0,0,0,0,0,1,1,0,D,1
ABCAABC07052229210,1,0,1,0,0,1,0,1,0,1,0,1,1,0,1,0,1,0,1,1,0,1,0,0,1,0,1,1,0,0,0,0,0,0,1,1,1,D,1
AABCDEAABC0927309381,1,0,1,0,0,1,1,0,0,1,0,1,1,1,0,1,0,0,1,1,0,0,1,0,1,0,1,1,0,0,0,0,0,0,1,1,1,D,1
ABCAABC10022331322,1,0,1,0,1,0,0,1,0,1,0,1,1,0,1,0,1,0,1,0,1,0,1,0,1,0,1,1,0,0,0,0,0,0,1,1,0,D,1
AABCDEAABC1009315089,1,0,1,0,0,1,1,0,0,1,0,1,1,1,0,1,0,0,1,0,1,0,1,0,1,0,1,1,0,0,0,0,0,0,1,1,1,D,1
AABCDEAABC1102118222,1,0,1,0,0,1,1,0,0,1,0,1,1,1,0,1,0,0,1,1,0,0,1,0,1,0,1,1,0,0,0,0,0,0,1,1,1,D,1
AABCDEAABC1118312923,1,0,1,0,0,1,1,0,0,1,0,1,1,1,0,1,0,0,1,0,1,0,1,0,1,0,1,1,0,0,0,0,0,0,1,1,1,D,1
AABCDEAABC1118113452,1,0,1,0,0,1,1,0,0,1,0,1,1,1,0,1,0,0,1,1,0,0,1,0,1,0,1,1,0,0,0,0,0,0,1,1,0,D,1
AABCDEAABC1119412334,1,0,1,0,0,1,1,0,0,1,1,0,1,1,0,1,0,0,1,1,0,0,1,0,1,0,1,1,0,0,0,0,0,0,1,1,1,V,1
AABCDEAABC1130407205,0,0,0,0,0,0,0,0,0,0,0,0,1,1,0,1,0,0,1,1,0,0,1,0,1,0,1,0,1,0,0,0,0,0,1,1,0,D,1
ABCCCD0716525200,1,0,0,1,0,0,0,0,0,0,0,0,1,0,1,0,1,0,1,0,1,0,1,0,1,0,1,1,0,0,0,0,0,0,1,0,0,D,1
ABCCCD0716525204,1,0,1,0,0,1,0,1,0,1,0,1,1,0,1,0,1,0,1,0,1,0,1,0,1,0,1,1,0,0,0,0,0,0,1,0,1,V,1
ABCCCD0716525206,1,0,1,0,0,1,0,1,0,1,0,1,1,0,1,0,1,0,1,0,1,0,1,0,1,0,1,1,0,0,0,0,0,0,1,0,0,V,1
ABCCCD1205590636,1,0,1,0,0,1,0,1,0,1,0,1,1,0,1,0,1,0,1,1,0,1,0,0,1,0,1,1,0,0,0,0,0,0,1,0,0,D,1
ABCAABC01101846493,1,1,0,0,0,0,0,0,0,0,0,1,1,0,1,0,1,0,1,0,1,0,1,0,1,0,1,1,0,0,1,0,0,0,1,0,0,D,1
ABCAABC01151299328,1,0,1,0,0,1,0,1,0,1,0,1,1,0,1,0,1,0,1,0,1,0,1,0,1,0,1,1,0,0,0,0,0,0,1,0,0,D,1
ABCAABC03201816419,1,0,1,0,0,1,0,1,0,1,0,1,1,0,1,0,1,0,1,1,0,0,1,0,1,0,1,1,0,0,0,0,0,0,1,0,1,V,1
ABCAABC0411869598,1,0,1,0,0,1,0,1,0,1,0,1,1,0,1,0,1,0,1,1,0,0,1,0,1,0,1,1,0,0,0,0,0,0,1,0,1,V,1
ABCAABC0512194172,1,0,1,0,0,1,0,1,0,1,0,1,1,0,1,0,1,0,1,1,0,0,1,0,1,0,1,1,0,0,0,0,0,0,1,0,1,V,1
ABCAABC0521370860,1,0,1,0,0,1,0,1,0,1,0,1,1,0,1,0,1,0,1,1,0,1,0,0,1,0,1,1,0,0,0,0,0,0,1,0,1,D,1
ABCAABC08272138734,1,0,1,0,0,1,0,1,0,1,0,1,1,0,1,0,1,0,1,0,1,0,1,0,1,0,1,1,0,0,0,0,0,0,1,0,1,D,1
ABCAABC1007828803,1,0,1,0,0,1,0,1,0,1,0,1,1,0,1,0,1,0,1,1,0,1,0,0,1,0,1,1,0,0,0,0,0,0,1,0,0,D,1
AABCDEAABC0905106371,1,0,1,0,0,1,1,0,0,1,0,1,1,1,0,0,1,0,1,0,1,0,1,0,1,0,1,1,0,0,0,0,0,0,1,1,0,D,1
AABCDEAABC0907304076,1,0,1,0,0,1,1,0,0,1,0,1,1,1,0,0,1,0,1,0,1,0,1,0,1,0,1,1,0,0,0,0,0,0,1,1,0,D,1
ABCAABC09141298076,1,0,1,0,0,1,0,1,0,1,0,1,1,0,1,0,1,0,1,0,1,0,1,0,1,0,1,1,0,0,0,0,0,0,1,1,0,D,1
ABCAABC10061848180,1,0,1,0,0,1,0,1,0,1,0,1,1,0,1,0,1,0,1,1,0,0,1,0,1,0,1,1,0,0,0,0,0,0,1,1,1,V,1
ABCAABC10072346504,1,0,1,0,0,1,0,1,0,1,0,1,1,0,1,0,1,0,1,0,1,0,1,0,1,0,1,1,0,0,0,0,0,0,1,1,0,D,1
ABCAABC10242529670,1,0,1,0,0,1,0,1,0,1,0,1,1,0,1,0,1,0,1,0,1,0,1,0,1,0,1,1,0,0,0,0,0,0,1,1,1,V,1
ABCCCD020248730,1,0,1,0,0,1,0,1,1,0,0,1,1,0,1,0,1,0,1,0,1,0,1,0,1,0,1,1,0,0,0,0,0,0,1,0,1,D,1
ABCCCD0208355470,1,1,0,0,0,0,0,0,0,0,0,1,1,0,1,0,1,0,1,0,1,0,1,0,1,0,1,1,0,0,1,0,0,0,1,0,0,D,1
ABCCCD0211158694,1,0,1,0,0,1,0,1,0,1,0,1,1,0,1,0,1,0,1,1,0,0,1,0,1,0,1,1,0,0,0,0,0,0,1,0,1,D,1
ABCCCD041748121,1,0,1,0,0,1,0,1,0,1,0,1,1,0,1,0,1,0,1,0,1,0,1,0,1,0,1,1,0,0,0,0,0,0,1,0,0,V,1
ABCCCD072349562,1,0,1,0,0,1,0,1,0,1,0,1,1,0,1,0,1,0,1,1,0,0,1,0,1,0,1,1,0,0,0,0,0,0,1,0,1,D,1
ABCCCD072823497,1,0,1,0,0,1,0,1,0,1,0,1,1,0,1,0,1,0,1,0,1,0,1,0,1,0,1,1,0,0,0,0,0,0,1,0,0,V,1
ABCCCD080741533,1,0,1,0,0,1,0,1,0,1,0,1,1,0,1,0,1,0,1,0,1,0,1,0,1,0,1,1,0,0,0,0,0,0,1,0,0,D,1
ABCCCD10311583187,1,0,1,0,0,1,0,1,1,0,0,1,1,0,1,0,1,0,1,0,1,0,1,0,1,0,1,1,0,0,0,0,0,0,1,0,0,V,1
ABCCCD1124376461,1,0,1,0,0,1,0,1,0,1,0,1,1,0,1,0,1,0,1,0,1,0,1,0,1,0,1,1,0,0,0,0,0,0,1,0,0,D,1
ABCAABC0202445848,1,0,1,0,0,1,0,1,0,1,0,1,1,0,1,0,1,0,1,1,0,0,1,0,1,0,1,1,0,0,0,0,0,0,1,0,1,D,1
ABCAABC02141919012,1,0,1,0,0,1,0,1,0,1,0,1,1,0,1,0,1,0,1,0,1,0,1,0,1,0,1,1,0,0,0,0,0,0,1,0,0,D,1
ABCAABC03262278949,1,0,1,0,0,1,0,1,0,1,0,1,1,0,1,0,1,0,1,0,1,0,1,0,1,0,1,1,0,0,0,0,0,0,1,0,1,D,1
ABCAABC0417472060,1,0,1,0,0,1,0,1,0,1,1,0,1,0,1,0,1,0,1,0,1,0,1,0,1,0,1,1,0,0,0,0,0,0,1,0,1,D,1
ABCAABC0512675665,1,0,1,0,0,1,0,1,0,1,0,1,1,0,1,0,1,0,1,0,1,0,1,0,1,0,1,1,0,0,0,0,0,0,1,0,0,D,1
ABCAABC06142115913,1,0,0,1,0,0,0,0,0,0,0,0,1,0,1,0,1,0,1,0,1,0,1,0,1,0,1,1,0,0,0,0,0,0,1,0,0,D,1
ABCCCD1017494494,1,0,0,1,0,0,0,0,0,0,0,0,1,0,1,0,1,0,1,0,1,0,1,0,1,0,1,1,0,0,0,0,0,0,1,0,1,V,1
ABCCCD1027142592,1,1,0,0,0,0,0,0,0,0,0,1,1,0,1,0,1,0,1,0,1,0,1,0,1,0,1,1,0,0,1,0,0,0,1,0,0,D,1
ABCCCD1028692069,1,1,0,0,0,0,0,0,0,0,0,1,1,0,1,0,1,0,1,0,1,0,1,0,1,0,1,1,0,0,1,0,0,0,1,0,1,V,1
ABCCCD0116788640,1,1,0,0,0,0,0,0,0,0,0,1,1,0,1,0,1,0,1,1,0,0,1,0,1,0,1,1,0,0,1,0,0,0,1,0,1,V,1
AABCDECCD1018123909,1,0,1,0,0,1,1,0,0,1,0,1,1,0,1,0,1,0,1,0,1,0,1,0,1,0,1,1,0,0,0,0,0,0,1,0,1,V,1
ABCCCD1110418300,1,1,0,0,0,0,0,0,0,0,0,1,1,0,1,0,1,0,1,0,1,0,1,0,1,0,1,1,0,0,1,0,0,0,1,0,0,D,1
ABCAABC012715157,1,0,0,1,0,0,0,0,0,0,0,0,1,0,1,0,1,0,1,0,1,0,1,0,1,0,1,1,0,0,0,0,0,0,1,0,1,D,1
ABCAABC04211123847,1,1,0,0,0,0,0,0,0,0,0,1,1,0,1,0,1,0,1,0,1,0,1,0,1,0,1,1,0,0,1,0,0,0,1,0,0,V,1
AABCDEAABC0927118140,1,0,1,0,1,0,1,0,0,1,0,1,1,1,0,0,1,0,1,0,1,0,1,0,1,0,1,1,0,0,0,0,0,0,1,1,1,V,1
AABCDEAABC0927418561,0,0,0,0,0,0,0,0,0,0,0,0,1,1,0,0,1,0,1,0,1,0,1,0,1,0,1,0,1,0,0,0,0,0,1,1,0,D,1
AABCDEAABC0928208676,1,0,1,0,0,1,1,0,0,1,1,0,1,1,0,1,0,0,1,0,1,0,1,0,1,0,1,1,0,0,0,0,0,0,1,1,1,D,1
AABCDEAABC0928208681,1,0,1,0,0,1,1,0,0,1,1,0,1,1,0,1,0,0,1,0,1,0,1,0,1,0,1,1,0,0,0,0,0,0,1,1,0,D,1
AABCDEAABC09288915,0,0,0,0,0,0,0,0,0,0,0,0,1,0,1,1,0,0,1,0,1,1,0,0,1,0,1,0,1,0,0,0,0,0,1,1,1,D,1
AABCDEAABC0928508749,0,0,0,0,0,0,0,0,0,0,0,0,1,1,0,1,0,0,1,0,1,0,1,0,1,0,1,0,1,0,0,0,0,0,1,1,1,D,1
AABCDEAABC0930607263,0,0,0,0,0,0,0,0,0,0,0,0,1,1,0,1,0,0,1,1,0,1,0,0,1,0,1,0,1,0,0,0,0,0,1,1,0,D,1
AABCDEAABC0930607264,0,0,0,0,0,0,0,0,0,0,0,0,1,1,0,1,0,0,1,1,0,1,0,0,1,0,1,0,1,0,0,0,0,0,1,1,1,D,1
ABCCCD1002895265,1,0,1,0,0,1,0,1,0,1,0,1,1,0,1,0,1,0,1,1,0,1,0,0,1,0,1,1,0,0,0,0,0,0,1,0,1,V,1
ABCCCD0220710617,1,0,1,0,0,1,0,1,0,1,0,1,1,0,1,0,1,0,1,0,1,0,1,0,1,0,1,1,0,0,0,0,0,0,1,0,0,D,1
ABCCCD0421773334,1,0,1,0,0,1,0,1,0,1,0,1,1,0,1,0,1,0,1,1,0,1,0,0,1,0,1,1,0,0,0,0,0,0,1,0,0,D,1
ABCCCD0430261664,1,0,1,0,0,1,0,1,0,1,0,1,1,0,1,0,1,0,1,1,0,1,0,0,1,0,1,1,0,0,0,0,0,0,1,0,0,D,1
ABCCCD1023338192,1,0,1,0,1,0,0,1,0,1,0,1,1,0,1,0,1,0,1,0,1,0,1,0,1,0,1,1,0,0,0,0,0,0,1,0,1,D,1
AABCDECCD0526307598,1,0,1,0,0,1,1,0,0,1,1,0,1,0,1,0,1,0,1,0,1,1,0,0,1,1,0,1,0,0,0,0,0,0,1,1,1,V,1
AABCDECCD06028145,1,0,1,0,0,1,1,0,0,1,0,1,1,1,0,0,1,0,1,0,1,0,1,0,1,0,1,1,0,0,0,0,0,0,1,1,0,D,1
AABCDECCD06028157,1,0,1,0,0,1,1,0,0,1,0,1,1,1,0,0,1,0,1,0,1,0,1,0,1,0,1,1,0,0,0,0,0,0,1,1,1,D,1
AABCDECCD06037895,0,0,0,0,0,0,0,0,0,0,0,0,1,1,0,0,1,0,1,0,1,0,1,0,1,0,1,0,1,0,0,0,0,0,1,1,0,D,1
AABCDECCD0603206258,0,0,0,0,0,0,0,0,0,0,0,0,1,1,0,1,0,0,1,0,1,0,1,0,1,0,1,0,1,0,0,0,0,0,1,1,1,D,1
AABCDECCD0603206257,0,0,0,0,0,0,0,0,0,0,0,0,1,1,0,1,0,0,1,0,1,0,1,0,1,0,1,0,1,0,0,0,0,0,1,1,1,D,1
AABCDECCD0603206262,0,0,0,0,0,0,0,0,0,0,0,0,1,1,0,0,1,0,1,0,1,0,1,0,1,0,1,0,1,0,0,0,0,0,1,1,1,D,1
AABCDECCD0604208258,0,0,0,0,0,0,0,0,0,0,0,0,1,1,0,0,1,0,1,0,1,0,1,0,1,0,1,0,1,0,0,0,0,0,1,1,1,D,1
AABCDECCD0607307220,0,0,0,0,0,0,0,0,0,0,0,0,1,0,1,0,1,0,1,0,1,0,1,0,1,0,1,0,1,0,0,0,0,0,1,1,0,D,1
AABCDECCD0607107211,0,0,0,0,0,0,0,0,0,0,0,0,1,1,0,0,1,0,1,0,1,1,0,0,1,1,0,0,1,0,0,0,0,0,1,1,0,V,1
AABCDECCD06229785,0,0,0,0,0,0,0,0,0,0,0,0,1,1,0,0,1,0,1,0,1,0,1,0,1,0,1,0,1,0,0,0,0,0,1,1,1,V,1
AABCDECCD07023619,0,0,0,0,0,0,0,0,0,0,0,0,1,1,0,0,1,0,1,0,1,0,1,0,1,0,1,0,1,0,0,0,0,0,1,1,1,D,1
AABCDECCD07023620,0,0,0,0,0,0,0,0,0,0,0,0,1,1,0,0,1,0,1,0,1,0,1,0,1,0,1,0,1,0,0,0,0,0,1,1,1,D,1
AABCDECCD0731124201,0,0,0,0,0,0,0,0,0,0,0,0,1,1,0,1,0,0,1,0,1,0,1,0,1,0,1,0,1,0,0,0,0,0,1,1,1,D,1
AABCDECCD080714635,0,0,0,0,0,0,0,0,0,0,0,0,1,0,1,1,0,0,1,0,1,0,1,0,1,0,1,0,1,0,0,0,0,0,1,1,1,V,1
AABCDECCD1022205879,0,0,0,0,0,0,0,0,0,0,0,0,1,0,1,0,1,0,1,0,1,0,1,0,1,0,1,0,1,0,0,0,0,0,1,1,0,V,1
AABCDECCD1102411707,0,0,0,0,0,0,0,0,0,0,0,0,1,1,0,0,1,0,1,1,0,1,0,0,1,0,1,0,1,0,0,0,0,0,1,1,1,D,1
AABCDEAABC0512614416,0,0,0,0,0,0,0,0,0,0,0,0,1,0,1,0,1,0,1,0,1,1,0,0,1,1,0,0,1,0,0,0,0,0,1,1,0,D,1
ABCCCD10291387908,1,1,0,0,0,0,0,0,0,0,0,1,1,0,1,0,1,0,1,0,1,0,1,0,1,0,1,1,0,0,1,0,0,0,1,0,0,D,1
ABCCCD06111976348,1,1,0,0,0,0,0,0,0,0,0,1,1,0,1,0,1,0,1,0,1,0,1,0,1,0,1,1,0,0,1,0,0,0,1,0,0,V,1
AABCDEAABC0323203202,0,0,0,0,0,0,0,0,0,0,0,0,1,0,1,0,1,0,1,0,1,0,1,0,1,0,1,0,1,0,0,0,0,0,1,0,1,V,1
AABCDECCD071212422,1,0,1,0,0,1,1,0,0,1,0,1,1,1,0,0,1,0,1,0,1,0,1,0,1,0,1,1,0,0,0,0,0,0,1,1,0,V,1
AABCDECCD0716112848,0,0,0,0,0,0,0,0,0,0,0,0,1,1,0,0,1,0,1,0,1,1,0,0,1,1,0,0,1,0,0,0,0,0,1,1,1,V,1
AABCDECCD0813212915,0,0,0,0,0,0,0,0,0,0,0,0,1,1,0,0,1,0,1,0,1,0,1,0,1,0,1,0,1,0,0,0,0,0,1,1,1,D,1
AABCDEAABC0222703942,1,0,1,0,0,1,1,0,0,1,0,1,1,1,0,1,0,0,1,0,1,0,1,0,1,0,1,1,0,0,0,0,0,0,1,1,0,V,1
AABCDEAABC0223218713,1,0,1,0,0,1,1,0,0,1,0,1,1,1,0,1,0,0,1,0,1,0,1,0,1,0,1,1,0,0,0,0,0,0,1,1,1,V,1
AABCDEAABC0223218795,1,0,1,0,0,1,1,0,0,1,0,1,1,1,0,1,0,0,1,0,1,0,1,0,1,0,1,1,0,0,0,0,0,0,1,1,0,V,1
AABCDEAABC0224206972,1,0,1,0,0,1,1,0,0,1,0,1,1,1,0,1,0,0,1,0,1,0,1,0,1,0,1,1,0,0,0,0,0,0,1,1,0,D,1
AABCDEAABC0224604558,1,0,1,0,0,1,1,0,0,1,1,0,1,1,0,1,0,0,1,0,1,0,1,0,1,0,1,1,0,0,0,0,0,0,1,1,0,V,1
AABCDEAABC0224604562,1,0,1,0,0,1,1,0,0,1,1,0,1,1,0,1,0,0,1,0,1,0,1,0,1,0,1,1,0,0,0,0,0,0,1,1,1,D,1
AABCDEAABC0224504822,1,0,1,0,0,1,1,0,0,1,1,0,1,1,0,1,0,0,1,0,1,0,1,0,1,0,1,1,0,0,0,0,0,0,1,1,0,D,1
AABCDEAABC0224504834,1,0,1,0,0,1,1,0,0,1,1,0,1,1,0,1,0,0,1,0,1,0,1,0,1,0,1,1,0,0,0,0,0,0,1,1,1,V,1
AABCDEAABC0301213452,0,0,0,0,0,0,0,0,0,0,0,0,1,1,0,1,0,0,1,0,1,0,1,0,1,0,1,0,1,0,0,0,0,0,1,1,0,D,1
AABCDEAABC0308512498,0,0,0,0,0,0,0,0,0,0,0,0,1,1,0,1,0,0,1,0,1,0,1,0,1,0,1,0,1,0,0,0,0,0,1,1,0,D,1
AABCDEAABC0327216200,0,0,0,0,0,0,0,0,0,0,0,0,1,1,0,1,0,0,1,0,1,0,1,0,1,0,1,0,1,0,0,0,0,0,1,1,1,V,1
AABCDEAABC032712307,0,0,0,0,0,0,0,0,0,0,0,0,1,1,0,1,0,0,1,0,1,0,1,0,1,0,1,0,1,0,0,0,0,0,1,1,1,D,1
AABCDEAABC06224959,0,0,0,0,0,0,0,0,0,0,0,0,1,1,0,1,0,0,1,0,1,0,1,0,1,0,1,0,1,0,0,0,0,0,1,1,1,D,1
AABCDEAABC0630115305,0,0,0,0,0,0,0,0,0,0,0,0,1,1,0,1,0,0,1,0,1,0,1,0,1,0,1,0,1,0,0,0,0,0,1,1,0,V,1
AABCDEAABC0702308541,0,0,0,0,0,0,0,0,0,0,0,0,1,1,0,1,0,0,1,0,1,0,1,0,1,0,1,0,1,0,0,0,0,0,1,1,1,D,1
AABCDEAABC0702108678,0,0,0,0,0,0,0,0,0,0,0,0,1,1,0,1,0,0,1,0,1,0,1,0,1,0,1,0,1,0,0,0,0,0,1,1,0,V,1
AABCDEAABC0706509529,0,0,0,0,0,0,0,0,0,0,0,0,1,1,0,1,0,0,1,0,1,0,1,0,1,0,1,0,1,0,0,0,0,0,1,1,1,D,1
AABCDEAABC0708119034,0,0,0,0,0,0,0,0,0,0,0,0,1,1,0,1,0,0,1,0,1,0,1,0,1,0,1,0,1,0,0,0,0,0,1,1,0,D,1
AABCDEAABC0713115648,0,0,0,0,0,0,0,0,0,0,0,0,1,1,0,1,0,0,1,0,1,0,1,0,1,0,1,0,1,0,0,0,0,0,1,1,1,V,1
AABCDEAABC1014512129,0,0,0,0,0,0,0,0,0,0,0,0,1,1,0,1,0,0,1,0,1,0,1,0,1,0,1,0,1,0,0,0,0,0,1,1,1,D,1
AABCDEAABC11059834,0,0,0,0,0,0,0,0,0,0,0,0,1,1,0,1,0,0,1,0,1,0,1,0,1,0,1,0,1,0,0,0,0,0,1,1,0,D,1
AABCDECCD030213352,1,0,1,0,0,1,1,0,0,1,1,0,1,1,0,1,0,0,1,0,1,1,0,0,1,0,1,1,0,0,0,0,0,0,1,1,0,D,1
AABCDECCD0302313239,0,0,0,0,0,0,0,0,0,0,0,0,1,1,0,1,0,0,1,0,1,1,0,0,1,0,1,0,1,0,0,0,0,0,1,1,0,V,1
AABCDEAABC1104505357,1,0,1,0,0,1,1,0,0,1,0,1,1,1,0,1,0,0,1,1,0,1,0,0,1,0,1,1,0,0,0,0,0,0,1,1,1,D,1
AABCDEAABC11045304,1,0,1,0,0,1,1,0,0,1,0,1,1,1,0,1,0,0,1,1,0,1,0,0,1,0,1,1,0,0,0,0,0,0,1,1,0,D,1
AABCDEAABC11045315,1,0,1,0,0,1,1,0,0,1,0,1,1,1,0,1,0,0,1,1,0,1,0,0,1,0,1,1,0,0,0,0,0,0,1,1,1,D,1
AABCDEAABC1104205487,1,0,1,0,1,0,1,0,0,1,0,1,1,1,0,1,0,0,1,1,0,1,0,0,1,0,1,1,0,0,0,0,0,0,1,1,0,D,1
AABCDEAABC1104705484,1,0,1,0,1,0,1,0,0,1,0,1,1,1,0,1,0,0,1,1,0,1,0,0,1,0,1,1,0,0,0,0,0,0,1,1,1,D,1
AABCDEAABC1104405584,1,0,1,0,0,1,1,0,0,1,1,0,1,1,0,1,0,0,1,1,0,1,0,0,1,0,1,1,0,0,0,0,0,0,1,1,1,D,1
AABCDEAABC1104405639,0,0,0,0,0,0,0,0,0,0,0,0,1,1,0,1,0,0,1,0,1,0,1,0,1,0,1,0,1,0,0,0,0,0,1,1,1,D,1
AABCDEAABC1104505680,0,0,0,0,0,0,0,0,0,0,0,0,1,1,0,1,0,0,1,1,0,1,0,0,1,0,1,0,1,0,0,0,0,0,1,1,1,D,1
AABCDEAABC1104305534,0,0,0,0,0,0,0,0,0,0,0,0,1,1,0,1,0,0,1,0,1,0,1,0,1,0,1,0,1,0,0,0,0,0,1,1,1,D,1
AABCDEAABC1106515951,0,0,0,0,0,0,0,0,0,0,0,0,1,1,0,1,0,0,1,1,0,0,1,0,1,0,1,0,1,0,0,0,0,0,1,1,0,V,1
ABCCCD1024568471,1,0,1,0,0,1,0,1,0,1,0,1,1,0,1,0,1,0,1,1,0,1,0,0,1,0,1,1,0,0,0,0,0,0,1,0,1,D,1
ABCCCD03081196490,1,1,0,0,0,0,0,0,0,0,0,1,1,0,1,0,1,0,1,0,1,0,1,0,1,0,1,1,0,0,1,0,0,0,1,0,0,D,1
ABCCCD12261640293,1,0,0,1,0,0,0,0,0,0,0,0,1,0,1,0,1,0,1,0,1,0,1,0,1,0,1,1,0,0,0,0,0,0,1,0,0,D,1
ABCAABC01091834407,1,1,0,0,0,0,0,0,0,0,0,1,1,0,1,0,1,0,1,0,1,0,1,0,1,0,1,1,0,0,1,0,0,0,1,0,0,D,1
AABCDEAABC0301119150,1,0,1,0,0,1,1,0,0,1,0,1,1,1,0,0,1,0,1,0,1,0,1,0,1,0,1,1,0,0,0,0,0,0,1,0,0,D,1
AABCDEAABC0401714534,1,1,0,0,0,0,0,0,0,0,0,1,1,0,1,0,1,0,1,1,0,0,1,0,1,0,1,1,0,0,1,0,0,0,1,0,1,D,1
ABCAABC07202253386,1,0,0,1,0,0,0,0,0,0,0,0,1,0,1,0,1,0,1,0,1,0,1,0,1,0,1,1,0,0,0,0,0,0,1,0,0,V,1
ABCAABC08091363764,1,0,0,1,0,0,0,0,0,0,0,0,1,0,1,0,1,0,1,0,1,0,1,0,1,0,1,1,0,0,0,0,0,0,1,0,1,D,1
ABCAABC10081578968,1,0,0,1,0,0,0,0,0,0,0,0,1,0,1,0,1,0,1,0,1,0,1,0,1,0,1,1,0,0,0,0,0,0,1,0,0,D,1
AABCDECCD0114206581,1,0,1,0,0,1,1,0,0,1,0,1,1,0,1,0,1,0,1,0,1,0,1,0,1,0,1,1,0,0,0,0,0,0,1,1,0,D,1
AABCDEAABC0401312781,1,0,1,0,0,1,1,0,0,1,0,1,1,1,0,1,0,0,1,1,0,0,1,0,1,0,1,1,0,0,0,0,0,0,1,1,1,D,1
AABCDEAABC0401507166,1,0,1,0,0,1,1,0,0,1,0,1,1,1,0,1,0,0,1,1,0,0,1,0,1,0,1,1,0,0,0,0,0,0,1,1,1,V,1
AABCDEAABC0401712354,0,0,0,0,0,0,0,0,0,0,0,0,1,1,0,1,0,0,1,1,0,0,1,0,1,0,1,0,1,0,0,0,0,0,1,1,1,V,1
AABCDEAABC0405112378,0,0,0,0,0,0,0,0,0,0,0,0,1,1,0,1,0,0,1,0,1,0,1,0,1,0,1,0,1,0,0,0,0,0,1,1,1,V,1
AABCDEAABC0721712885,0,0,0,0,0,0,0,0,0,0,0,0,1,1,0,1,0,0,1,0,1,0,1,0,1,0,1,0,1,0,0,0,0,0,1,1,1,D,1
AABCDEAABC032514652,1,0,1,0,0,1,1,0,0,1,1,0,1,1,0,1,0,0,1,0,1,0,1,0,1,0,1,1,0,0,0,0,0,0,1,1,1,D,1
AABCDEAABC0325114602,1,0,1,0,0,1,1,0,0,1,1,0,1,1,0,1,0,0,1,0,1,0,1,0,1,0,1,1,0,0,0,0,0,0,1,1,1,D,1
AABCDEAABC0330413247,1,0,1,0,0,1,1,0,0,1,0,1,1,1,0,1,0,0,1,0,1,0,1,0,1,0,1,1,0,0,0,0,0,0,1,1,1,D,1
AABCDEAABC0330612453,1,0,1,0,0,1,1,0,0,1,0,1,1,1,0,1,0,0,1,0,1,0,1,0,1,0,1,1,0,0,0,0,0,0,1,1,1,D,1
AABCDEAABC0330113470,1,0,1,0,0,1,1,0,0,1,0,1,1,1,0,1,0,0,1,0,1,0,1,0,1,0,1,1,0,0,0,0,0,0,1,1,1,D,1
AABCDEAABC0423604930,0,0,0,0,0,0,0,0,0,0,0,0,1,1,0,1,0,0,1,0,1,0,1,0,1,0,1,0,1,0,0,0,0,0,1,1,1,D,1
AABCDEAABC0523303238,0,0,0,0,0,0,0,0,0,0,0,0,1,1,0,1,0,0,1,0,1,0,1,0,1,0,1,0,1,0,0,0,0,0,1,1,0,D,1
AABCDEAABC0523303268,0,0,0,0,0,0,0,0,0,0,0,0,1,1,0,1,0,0,1,0,1,0,1,0,1,0,1,0,1,0,0,0,0,0,1,1,1,V,1
AABCDEAABC0529205364,0,0,0,0,0,0,0,0,0,0,0,0,1,1,0,1,0,0,1,0,1,0,1,0,1,0,1,0,1,0,0,0,0,0,1,1,0,V,1
AABCDEAABC0702405562,0,0,0,0,0,0,0,0,0,0,0,0,1,1,0,1,0,0,1,0,1,0,1,0,1,0,1,0,1,0,0,0,0,0,1,1,0,D,1
AABCDEAABC0702705499,0,0,0,0,0,0,0,0,0,0,0,0,1,1,0,1,0,0,1,0,1,0,1,0,1,0,1,0,1,0,0,0,0,0,1,1,0,D,1
AABCDEAABC0706106907,0,0,0,0,0,0,0,0,0,0,0,0,1,1,0,1,0,0,1,0,1,0,1,0,1,0,1,0,1,0,0,0,0,0,1,1,0,D,1
AABCDEAABC0713704247,0,0,0,0,0,0,0,0,0,0,0,0,1,1,0,1,0,0,1,0,1,0,1,0,1,0,1,0,1,0,0,0,0,0,1,1,0,D,1
AABCDEAABC1014608776,0,0,0,0,0,0,0,0,0,0,0,0,1,1,0,1,0,0,1,0,1,0,1,0,1,0,1,0,1,0,0,0,0,0,1,1,1,V,1
AABCDEAABC1105405347,0,0,0,0,0,0,0,0,0,0,0,0,1,1,0,1,0,0,1,0,1,0,1,0,1,0,1,0,1,0,0,0,0,0,1,1,1,D,1
AABCDECCD0105110415,1,0,1,0,0,1,1,0,0,1,0,1,1,1,0,0,1,0,1,0,1,0,1,0,1,0,1,1,0,0,0,0,0,0,1,1,1,D,1
AABCDECCD0105110417,1,0,1,0,0,1,1,0,0,1,0,1,1,1,0,0,1,0,1,0,1,0,1,0,1,0,1,1,0,0,0,0,0,0,1,1,0,V,1
AABCDECCD0105110435,0,0,0,0,0,0,0,0,0,0,0,0,1,1,0,0,1,0,1,0,1,0,1,0,1,0,1,0,1,0,0,0,0,0,1,1,0,D,1
AABCDECCD0105110436,1,0,1,0,0,1,1,0,0,1,0,1,1,1,0,0,1,0,1,0,1,0,1,0,1,0,1,1,0,0,0,0,0,0,1,1,0,D,1
AABCDECCD012120785,0,0,0,0,0,0,0,0,0,0,0,0,1,1,0,1,0,0,1,0,1,0,1,0,1,0,1,0,1,0,0,0,0,0,1,1,0,D,1
AABCDECCD012120795,0,0,0,0,0,0,0,0,0,0,0,0,1,1,0,0,1,0,1,0,1,0,1,0,1,0,1,0,1,0,0,0,0,0,1,1,0,D,1
AABCDECCD012120796,0,0,0,0,0,0,0,0,0,0,0,0,1,1,0,0,1,0,1,0,1,0,1,0,1,0,1,0,1,0,0,0,0,0,1,1,0,D,1
AABCDECCD012120800,0,0,0,0,0,0,0,0,0,0,0,0,1,1,0,0,1,0,1,0,1,0,1,0,1,0,1,0,1,0,0,0,0,0,1,1,1,D,1
ABCCCD0125645606,1,0,1,0,1,0,0,1,0,1,0,1,1,0,1,0,1,0,1,0,1,0,1,0,1,0,1,1,0,0,0,0,0,0,1,1,1,V,1
ABCCCD0125645607,1,0,1,0,1,0,0,1,0,1,0,1,1,0,1,0,1,0,1,0,1,0,1,0,1,0,1,1,0,0,0,0,0,0,1,1,0,D,1
ABCCCD10281499275,1,0,1,0,1,0,0,1,0,1,0,1,1,0,1,0,1,0,1,0,1,0,1,0,1,0,1,1,0,0,0,0,0,0,1,0,1,D,1
ABCCCD11292208601,1,0,1,0,0,1,0,1,0,1,0,1,1,0,1,0,1,0,1,0,1,0,1,0,1,0,1,1,0,0,0,0,0,0,1,0,0,D,1
ABCCCD12141442352,1,0,1,0,1,0,0,1,1,0,0,1,1,0,1,0,1,0,1,0,1,0,1,0,1,0,1,1,0,0,0,0,0,0,1,0,1,V,1
ABCAABC0103651496,1,0,0,1,0,0,0,0,0,0,0,0,1,0,1,0,1,0,1,0,1,0,1,0,1,0,1,1,0,0,0,0,0,0,1,0,0,D,1
ABCAABC0118662392,1,0,1,0,0,1,0,1,0,1,0,1,1,0,1,0,1,0,1,0,1,0,1,0,1,0,1,1,0,0,0,0,0,0,1,0,1,D,1
ABCCCD1202246483,1,1,0,0,0,0,0,0,0,0,0,1,1,0,1,0,1,0,1,0,1,0,1,0,1,0,1,1,0,0,1,0,0,0,1,0,0,V,1
AABCDECCD1215217678,1,0,1,0,0,1,1,0,0,1,0,1,1,1,0,1,0,0,1,0,1,0,1,0,1,0,1,1,0,0,0,0,0,0,1,0,0,D,1
AABCDECCD12216559,0,0,0,0,0,0,0,0,0,0,0,0,1,1,0,1,0,0,1,1,0,0,1,0,1,0,1,0,1,1,0,0,0,0,1,0,0,D,1
AABCDECCD122318923,0,0,0,0,0,0,0,0,0,0,0,0,1,1,0,1,0,0,1,0,1,0,1,0,1,0,1,0,1,0,0,0,0,0,1,0,0,D,1
AABCDECCD1224303865,1,0,1,0,0,1,1,0,0,1,1,0,1,1,0,1,0,0,1,1,0,0,1,0,1,0,1,1,0,0,0,0,0,0,1,0,1,D,1
ABCCCD01171134990,1,0,1,0,0,1,0,1,0,1,0,1,1,0,1,0,1,0,1,0,1,0,1,0,1,0,1,1,0,0,0,0,0,0,1,0,1,D,1
AABCDECCD0130215355,1,0,1,0,0,1,1,0,0,1,0,1,1,0,1,0,1,0,1,0,1,0,1,0,1,0,1,1,0,0,0,0,0,0,1,0,1,D,1
ABCCCD05311646749,1,0,1,0,0,1,0,1,0,1,0,1,1,0,1,0,1,0,1,0,1,0,1,0,1,0,1,1,0,0,0,0,0,0,1,0,0,D,1
AABCDECCD07108960,0,0,0,0,0,0,0,0,0,0,0,0,1,1,0,0,1,0,1,0,1,0,1,0,1,0,1,0,1,0,0,0,0,0,1,0,0,D,1
AABCDECCD08128715,1,0,1,0,0,1,1,0,0,1,0,1,1,1,0,1,0,0,1,0,1,0,1,0,1,0,1,1,0,0,0,0,0,0,1,0,1,D,1
AABCDECCD0812109658,0,0,0,0,0,0,0,0,0,0,0,0,1,1,0,0,1,0,1,0,1,0,1,0,1,0,1,0,1,0,0,0,0,0,1,0,0,D,1
AABCDECCD0821AABCDE58,0,0,0,0,0,0,0,0,0,0,0,0,1,1,0,0,1,0,1,0,1,0,1,0,1,0,1,0,1,0,0,0,0,0,1,0,1,D,1
AABCDECCD091410892,0,0,0,0,0,0,0,0,0,0,0,0,1,1,0,0,1,0,1,0,1,0,1,0,1,0,1,0,1,0,0,0,0,0,1,0,1,V,1
AABCDECCD0923117674,0,0,0,0,0,0,0,0,0,0,0,0,1,1,0,0,1,0,1,0,1,0,1,0,1,0,1,0,1,0,0,0,0,0,1,0,1,D,1
ABCCCD1011257063,1,0,1,0,0,1,0,1,0,1,0,1,1,0,1,0,1,0,1,0,1,0,1,0,1,0,1,1,0,0,0,0,0,0,1,0,1,D,1
AABCDECCD1125511636,1,0,1,0,0,1,1,0,0,1,0,1,1,1,0,0,1,0,1,1,0,1,0,0,1,0,1,1,0,0,0,0,0,0,1,0,1,D,1
AABCDECCD1127110510,0,0,0,0,0,0,0,0,0,0,0,0,1,1,0,1,0,0,1,1,0,0,1,0,1,0,1,0,1,0,0,0,0,0,1,0,0,D,1
ABCCCD12102147329,1,0,1,0,0,1,0,1,0,1,0,1,1,0,1,0,1,0,1,0,1,0,1,0,1,0,1,1,0,0,0,0,0,0,1,0,1,D,1
ABCAABC0119811437,1,0,1,0,0,1,0,1,0,1,0,1,1,0,1,0,1,0,1,0,1,0,1,0,1,0,1,1,0,0,0,0,0,0,1,0,0,D,1
ABCAABC01261042565,1,0,1,0,0,1,0,1,0,1,0,1,1,0,1,0,1,0,1,0,1,0,1,0,1,0,1,1,0,0,0,0,0,0,1,0,0,D,1
ABCAABC04051043983,1,0,1,0,0,1,0,1,1,0,0,1,1,0,1,0,1,0,1,0,1,0,1,0,1,0,1,1,0,0,0,0,0,0,1,0,1,D,1
AABCDEAABC0605112135,1,0,1,0,0,1,1,0,0,1,0,1,1,1,0,0,1,0,1,0,1,0,1,0,1,0,1,1,0,0,0,0,0,0,1,0,1,D,1
AABCDEAABC0813113790,1,0,1,0,0,1,1,0,0,1,0,1,1,1,0,0,1,0,1,1,0,1,0,0,1,0,1,1,0,0,0,0,0,0,1,0,0,D,1
AABCDEAABC0824207480,1,0,1,0,0,1,1,0,0,1,0,1,1,1,0,0,1,0,1,0,1,0,1,0,1,0,1,1,0,0,0,0,0,0,1,0,0,D,1
AABCDEAABC0826513493,1,0,1,0,0,1,1,0,0,1,0,1,1,1,0,0,1,0,1,0,1,0,1,0,1,0,1,1,0,0,0,0,0,0,1,0,0,D,1
ABCAABC09263064514,1,1,0,0,0,0,0,0,0,0,0,1,1,0,1,0,1,0,1,0,1,0,1,0,1,0,1,1,0,0,1,0,0,0,1,0,0,V,1
ABCAABC11191175245,1,0,1,0,0,1,0,1,0,1,0,1,1,0,1,0,1,0,1,1,0,1,0,0,1,0,1,1,0,0,0,0,0,0,1,0,1,V,1
ABCCCD02271516984,1,0,1,0,0,1,0,1,0,1,0,1,1,0,1,0,1,0,1,0,1,0,1,0,1,0,1,1,0,0,0,0,0,0,1,0,1,D,1
ABCCCD0422687961,1,0,0,1,0,0,0,0,0,0,0,0,1,0,1,0,1,0,1,0,1,0,1,0,1,0,1,1,0,0,0,0,0,0,1,0,0,D,1
ABCCCD0427254313,1,0,0,1,0,0,0,0,0,0,0,0,1,0,1,0,1,0,1,0,1,0,1,0,1,0,1,1,0,0,0,0,0,0,1,0,1,D,1
ABCCCD11091907656,1,0,1,0,0,1,0,1,0,1,0,1,1,0,1,0,1,0,1,1,0,0,1,0,1,0,1,1,0,0,0,0,0,0,1,0,1,D,1
ABCCCD0617766311,1,0,0,1,0,0,0,0,0,0,0,0,1,0,1,0,1,0,1,0,1,0,1,0,1,0,1,1,0,0,0,0,0,0,1,0,0,D,1
ABCAABC01014737925,1,1,0,0,0,0,0,0,0,0,0,1,1,0,1,0,1,0,1,0,1,0,1,0,1,0,1,1,0,0,1,0,0,0,1,0,1,D,1
ABCAABC012937000,1,1,0,0,0,0,0,0,0,0,0,1,1,0,1,0,1,0,1,0,1,0,1,0,1,0,1,1,0,0,1,0,0,0,1,0,0,D,1
ABCAABC0920808082,1,1,0,0,0,0,0,0,0,0,0,1,1,0,1,0,1,0,1,0,1,0,1,0,1,0,1,1,0,0,1,0,0,0,1,0,0,D,1
AABCDECCD0927319552,1,0,1,0,0,1,1,0,0,1,0,1,1,0,1,0,1,0,1,0,1,0,1,0,1,0,1,1,0,0,0,0,0,0,1,1,1,D,1
AABCDECCD0929213229,1,0,1,0,0,1,1,0,0,1,0,1,1,0,1,0,1,0,1,0,1,0,1,0,1,0,1,1,0,0,0,0,0,0,1,1,0,D,1
AABCDECCD1027710087,1,0,1,0,0,1,1,0,0,1,0,1,1,0,1,0,1,0,1,0,1,0,1,0,1,0,1,1,0,0,0,0,0,0,1,1,0,D,1
ABCCCD10281659296,1,0,1,0,0,1,0,1,0,1,0,1,1,0,1,0,1,0,1,1,0,1,0,0,1,0,1,1,0,0,0,0,0,0,1,1,0,V,1
ABCCCD10281659297,1,0,1,0,0,1,0,1,0,1,0,1,1,0,1,0,1,0,1,1,0,1,0,0,1,0,1,1,0,0,0,0,0,0,1,1,1,D,1
AABCDECCD102912401,1,0,1,0,0,1,1,0,0,1,0,1,1,0,1,0,1,0,1,0,1,0,1,0,1,0,1,1,0,0,0,0,0,0,1,1,0,V,1
AABCDECCD112616283,0,0,0,0,0,0,0,0,0,0,0,0,1,0,1,0,1,0,1,0,1,0,1,0,1,0,1,0,1,0,0,0,0,0,1,1,0,D,1
AABCDECCD1128410407,0,0,0,0,0,0,0,0,0,0,0,0,1,0,1,0,1,0,1,0,1,0,1,0,1,0,1,0,1,0,0,0,0,0,1,1,0,V,1
AABCDECCD0622221270,1,0,1,0,0,1,1,0,0,1,0,1,1,1,0,1,0,0,1,1,0,0,1,0,1,0,1,1,0,0,0,0,0,0,1,1,0,D,1
ABCCCD04191402373,1,0,1,0,0,1,0,1,0,1,0,1,1,0,1,0,1,0,1,0,1,0,1,0,1,0,1,1,0,0,0,0,0,0,1,0,0,V,1
ABCCCD06012282672,1,0,0,1,0,0,0,0,0,0,0,0,1,0,1,0,1,0,1,0,1,0,1,0,1,0,1,1,0,0,0,0,0,0,1,0,1,D,1
ABCCCD0728137743,1,0,1,0,0,1,0,1,0,1,0,1,1,0,1,0,1,0,1,0,1,0,1,0,1,0,1,1,0,0,0,0,0,0,1,0,0,D,1
ABCCCD0813146014,1,1,0,0,0,0,0,0,0,0,0,1,1,0,1,0,1,0,1,0,1,0,1,0,1,0,1,1,0,0,1,0,0,0,1,0,0,D,1
ABCCCD0921280988,1,0,1,0,0,1,0,1,0,1,0,1,1,0,1,0,1,0,1,0,1,0,1,0,1,0,1,1,0,0,0,0,0,0,1,0,1,D,1
ABCCCD0924155322,1,0,1,0,0,1,0,1,0,1,0,1,1,0,1,0,1,0,1,1,0,0,1,0,1,0,1,1,0,0,0,0,0,0,1,0,1,V,1
ABCCCD0929163101,1,0,1,0,1,0,0,1,0,1,0,1,1,0,1,0,1,0,1,0,1,0,1,0,1,0,1,1,0,0,0,0,0,0,1,0,0,D,1
ABCCCD101451215,1,0,1,0,0,1,0,1,0,1,0,1,1,0,1,0,1,0,1,0,1,0,1,0,1,0,1,1,0,0,0,0,0,0,1,0,1,D,1
ABCCCD1108894395,1,0,1,0,0,1,0,1,0,1,0,1,1,0,1,0,1,0,1,0,1,0,1,0,1,0,1,1,0,0,0,0,0,0,1,0,0,V,1
ABCCCD1209116271,1,0,1,0,0,1,0,1,0,1,0,1,1,0,1,0,1,0,1,0,1,0,1,0,1,0,1,1,0,0,0,0,0,0,1,0,1,V,1
ABCAABC0712720205,1,0,1,0,0,1,0,1,0,1,0,1,1,0,1,0,1,0,1,0,1,0,1,0,1,0,1,1,0,0,0,0,0,0,1,0,1,D,1
ABCAABC07191616649,1,0,0,1,0,0,0,0,0,0,0,0,1,0,1,0,1,0,1,0,1,0,1,0,1,0,1,1,0,0,0,0,0,0,1,0,0,D,1
ABCAABC09162169616,1,0,1,0,0,1,0,1,0,1,0,1,1,0,1,0,1,0,1,0,1,0,1,0,1,0,1,1,0,0,0,0,0,0,1,0,0,V,1
ABCAABC10032214249,1,0,1,0,0,1,0,1,0,1,0,1,1,0,1,0,1,0,1,0,1,0,1,0,1,0,1,1,0,0,0,0,0,0,1,0,1,V,1
AABCDECCD0105307673,1,0,1,0,0,1,1,0,0,1,0,1,1,1,0,0,1,0,1,1,0,1,0,0,1,0,1,1,0,0,0,0,0,0,1,0,0,V,1
AABCDECCD0208316847,1,0,1,0,0,1,1,0,0,1,1,0,1,1,0,0,1,0,1,0,1,0,1,0,1,0,1,1,0,0,0,0,0,0,1,0,0,V,1
AABCDECCD0212107713,1,0,1,0,0,1,1,0,0,1,0,1,1,1,0,0,1,0,1,1,0,0,1,0,1,0,1,1,0,0,0,0,0,0,1,0,1,V,1
AABCDECCD0320320120,1,0,1,0,0,1,1,0,0,1,0,1,1,1,0,0,1,0,1,1,0,0,1,0,1,0,1,1,0,0,0,0,0,0,1,0,1,D,1
AABCDECCD0326209858,1,0,1,0,0,1,1,0,0,1,0,1,1,1,0,0,1,0,1,0,1,0,1,0,1,0,1,1,0,0,0,0,0,0,1,0,1,V,1
AABCDECCD0328320633,1,0,1,0,0,1,1,0,0,1,0,1,1,1,0,0,1,0,1,0,1,0,1,0,1,0,1,1,0,0,0,0,0,0,1,0,0,V,1
AABCDECCD0409110302,1,0,1,0,0,1,1,0,0,1,0,1,1,1,0,0,1,0,1,0,1,0,1,0,1,0,1,1,0,0,0,0,0,0,1,0,1,D,1
ABCCCD05231589494,1,0,1,0,0,1,0,1,0,1,0,1,1,0,1,0,1,0,1,1,0,0,1,0,1,0,1,1,0,0,0,0,0,0,1,0,1,D,1
ABCCCD06041226634,1,0,1,0,0,1,0,1,0,1,0,1,1,0,1,0,1,0,1,0,1,0,1,0,1,0,1,1,0,0,0,0,0,0,1,0,0,V,1
AABCDECCD0612108819,1,0,1,0,1,0,1,0,0,1,0,1,1,1,0,1,0,0,1,0,1,0,1,0,1,0,1,1,0,0,0,0,0,0,1,0,0,V,1
ABCCCD12241249972,1,1,0,0,0,0,0,0,0,0,0,1,1,0,1,0,1,0,1,0,1,0,1,0,1,0,1,1,0,0,1,0,0,0,1,0,1,D,1
ABCAABC0707742748,1,0,0,1,0,0,0,0,0,0,0,0,1,0,1,0,1,0,1,0,1,0,1,0,1,0,1,1,0,0,0,0,0,0,1,0,0,V,1
ABCCCD0216816554,1,0,1,0,0,1,0,1,0,1,0,1,1,0,1,0,1,0,1,0,1,0,1,0,1,0,1,1,0,0,0,0,0,0,1,0,0,D,1
ABCCCD02281730077,1,0,0,1,0,0,0,0,0,0,0,0,1,0,1,0,1,0,1,0,1,0,1,0,1,0,1,1,0,0,0,0,0,0,1,0,1,D,1
ABCAABC10242124278,1,1,0,0,0,0,0,0,0,0,0,1,1,0,1,0,1,0,1,0,1,0,1,0,1,0,1,1,0,0,1,0,0,0,1,0,1,V,1
AABCDEAABC0521615935,1,1,0,0,0,0,0,0,0,0,0,1,1,0,1,1,0,0,1,1,0,0,1,0,1,0,1,1,0,0,1,0,0,0,1,1,1,D,1
ABCAABC07251927433,1,0,1,0,0,1,0,1,1,0,1,0,1,0,1,0,1,0,1,0,1,0,1,0,1,0,1,1,0,0,0,0,0,0,1,1,0,V,1
ABCAABC07251927434,1,0,0,1,0,0,0,0,0,0,0,0,1,0,1,0,1,0,1,0,1,0,1,0,1,0,1,1,0,0,0,0,0,0,1,1,1,D,1
ABCAABC08202087374,1,0,0,1,0,0,0,0,0,0,0,0,1,0,1,0,1,0,1,0,1,0,1,0,1,0,1,1,0,0,0,0,0,0,1,1,0,D,1
ABCAABC08212212828,1,0,1,0,0,1,0,1,0,1,1,0,1,0,1,0,1,0,1,0,1,0,1,0,1,0,1,1,0,0,0,0,0,0,1,1,0,V,1
ABCAABC08212212829,1,0,0,1,0,0,0,0,0,0,0,0,1,0,1,0,1,0,1,0,1,0,1,0,1,0,1,1,0,0,0,0,0,0,1,1,1,D,1
ABCAABC09031103692,1,0,1,0,0,1,0,1,1,0,1,0,1,0,1,0,1,0,1,0,1,0,1,0,1,0,1,1,0,0,0,0,0,0,1,1,0,D,1
ABCAABC09031103693,1,0,0,1,0,0,0,0,0,0,0,0,1,0,1,0,1,0,1,0,1,0,1,0,1,0,1,1,0,0,0,0,0,0,1,1,1,D,1
ABCAABC0907686528,1,0,0,1,0,0,0,0,0,0,0,0,1,0,1,0,1,0,1,0,1,0,1,0,1,0,1,1,0,0,0,0,0,0,1,1,1,D,1
ABCAABC0917565317,1,0,0,1,0,0,0,0,0,0,0,0,1,0,1,0,1,0,1,0,1,0,1,0,1,0,1,1,0,0,0,0,0,0,1,1,1,V,1
ABCAABC09181734469,1,0,0,1,0,0,0,0,0,0,0,0,1,0,1,0,1,0,1,0,1,0,1,0,1,0,1,1,0,0,0,0,0,0,1,1,0,D,1
ABCAABC092692328,1,0,1,0,0,1,0,1,0,1,0,1,1,0,1,0,1,0,1,0,1,0,1,0,1,0,1,1,0,0,0,0,0,0,1,1,1,D,1
ABCAABC10061054221,1,0,0,1,0,0,0,0,0,0,0,0,1,0,1,0,1,0,1,0,1,0,1,0,1,0,1,1,0,0,0,0,0,0,1,1,1,D,1
ABCAABC1022572267,1,0,0,1,0,0,0,0,0,0,0,0,1,0,1,0,1,0,1,0,1,0,1,0,1,0,1,1,0,0,0,0,0,0,1,1,0,V,1
ABCAABC10282711952,1,0,0,1,0,0,0,0,0,0,0,0,1,0,1,0,1,0,1,0,1,0,1,0,1,0,1,1,0,0,0,0,0,0,1,1,1,D,1
ABCAABC11131177732,1,0,0,1,0,0,0,0,0,0,0,0,1,0,1,0,1,0,1,0,1,0,1,0,1,0,1,1,0,0,0,0,0,0,1,1,0,V,1
ABCAABC11181992287,1,0,0,1,0,0,0,0,0,0,0,0,1,0,1,0,1,0,1,0,1,0,1,0,1,0,1,1,0,0,0,0,0,0,1,1,0,V,1
ABCAABC11191678807,1,0,0,1,0,0,0,0,0,0,0,0,1,0,1,0,1,0,1,0,1,0,1,0,1,0,1,1,0,0,0,0,0,0,1,1,0,V,1
ABCAABC1126681871,1,0,0,1,0,0,0,0,0,0,0,0,1,0,1,0,1,0,1,0,1,0,1,0,1,0,1,1,0,0,0,0,0,0,1,1,0,D,1
ABCAABC11271251440,1,0,0,1,0,0,0,0,0,0,0,0,1,0,1,0,1,0,1,0,1,0,1,0,1,0,1,1,0,0,0,0,0,0,1,1,1,D,1
AABCDECCD1117206178,1,0,1,0,0,1,1,0,0,1,0,1,1,1,0,1,0,0,1,0,1,0,1,0,1,0,1,1,0,0,0,0,0,0,1,0,0,D,1
AABCDECCD1227105071,0,0,0,0,0,0,0,0,0,0,0,0,1,1,0,1,0,0,1,0,1,0,1,0,1,0,1,0,1,0,0,0,0,0,1,0,0,D,1
AABCDECCD0110102320,1,0,1,0,0,1,1,0,0,1,0,1,1,1,0,1,0,0,1,0,1,0,1,0,1,0,1,1,0,0,0,0,0,0,1,0,0,D,1
AABCDECCD0114305078,1,0,1,0,0,1,1,0,0,1,0,1,1,1,0,1,0,0,1,0,1,0,1,0,1,0,1,1,0,0,0,0,0,0,1,0,1,D,1
AABCDECCD0114306510,1,1,0,0,0,0,0,0,0,0,1,0,1,1,0,1,0,0,1,1,0,0,1,0,1,0,1,1,0,0,1,0,0,0,1,0,0,D,1
AABCDECCD0119303824,1,0,1,0,0,1,1,0,0,1,0,1,1,1,0,1,0,0,1,1,0,0,1,0,1,0,1,1,0,0,0,0,0,0,1,0,1,D,1
ABCCCD0417717847,1,0,1,0,0,1,0,1,0,1,0,1,1,0,1,0,1,0,1,0,1,0,1,0,1,0,1,1,0,0,0,0,0,0,1,0,0,D,1
ABCAABC01172215699,1,0,1,0,0,1,0,1,0,1,0,1,1,0,1,0,1,0,1,0,1,0,1,0,1,0,1,1,0,0,0,0,0,0,1,0,1,V,1
ABCAABC10021936344,1,0,1,0,0,1,0,1,0,1,0,1,1,0,1,0,1,0,1,1,0,1,0,0,1,0,1,1,0,0,0,0,0,0,1,0,1,D,1
ABCCCD10021430065,1,0,1,0,0,1,0,1,0,1,0,1,1,0,1,0,1,0,1,1,0,0,1,0,1,0,1,1,0,0,0,0,0,0,1,0,0,V,1
ABCCCD12091497265,1,0,1,0,0,1,0,1,0,1,0,1,1,0,1,0,1,0,1,0,1,0,1,0,1,0,1,1,0,0,0,0,0,0,1,0,0,V,1
ABCCCD01131489041,1,0,1,0,0,1,0,1,0,1,0,1,1,0,1,0,1,0,1,0,1,0,1,0,1,0,1,1,0,0,0,0,0,0,1,0,1,D,1
ABCAABC03131335974,1,0,1,0,0,1,0,1,0,1,1,0,1,0,1,0,1,0,1,1,0,0,1,0,1,0,1,1,0,0,0,0,0,0,1,0,1,V,1
ABCAABC0621938102,1,1,0,0,0,0,0,0,0,0,0,1,1,0,1,0,1,0,1,0,1,0,1,0,1,0,1,1,0,0,1,0,0,0,1,0,1,D,1
ABCAABC08081877893,1,0,1,0,0,1,0,1,0,1,0,1,1,0,1,0,1,0,1,0,1,0,1,0,1,0,1,1,0,0,0,0,0,0,1,0,0,D,1
ABCCCD1002482603,1,0,1,0,0,1,0,1,0,1,0,1,1,0,1,0,1,0,1,0,1,0,1,0,1,0,1,1,0,0,0,0,0,0,1,0,0,D,1
ABCAABC0213666402,1,0,1,0,0,1,0,1,0,1,0,1,1,0,1,0,1,0,1,1,0,1,0,0,1,0,1,1,0,0,0,0,0,0,1,0,0,D,1
ABCAABC0523968408,1,0,0,1,0,0,0,0,0,0,0,0,1,0,1,0,1,0,1,0,1,0,1,0,1,0,1,1,0,0,0,0,0,0,1,0,0,D,1
ABCAABC0605136933,1,0,0,1,0,0,0,0,0,0,0,0,1,0,1,0,1,0,1,0,1,0,1,0,1,0,1,1,0,0,0,0,0,0,1,0,1,D,1
AABCDEAABC0804215324,0,0,0,0,0,0,0,0,0,0,0,0,1,1,0,0,1,0,1,0,1,0,1,0,1,0,1,0,1,0,0,0,0,0,1,0,1,D,1
AABCDECCD1222212733,1,0,1,0,0,1,1,0,0,1,0,1,1,1,0,0,1,0,1,0,1,0,1,0,1,0,1,1,0,0,0,0,0,0,1,1,1,D,1
AABCDEAABC0710600004,1,0,1,0,0,1,1,0,0,1,1,0,1,1,0,1,0,0,1,1,0,0,1,0,1,0,1,1,0,0,0,0,0,0,1,1,1,D,1
AABCDEAABC0711604263,1,0,1,0,0,1,1,0,0,1,0,1,1,1,0,1,0,0,1,1,0,0,1,0,1,0,1,1,0,0,0,0,0,0,1,1,1,D,1
AABCDEAABC0712109473,0,0,0,0,0,0,0,0,0,0,0,0,1,1,0,1,0,0,1,1,0,0,1,0,1,0,1,0,1,0,0,0,0,0,1,1,1,D,1
AABCDEAABC0714600234,0,0,0,0,0,0,0,0,0,0,0,0,1,1,0,1,0,0,1,1,0,0,1,0,1,0,1,0,1,0,0,0,0,0,1,1,1,D,1
AABCDEAABC0717706697,0,0,0,0,0,0,0,0,0,0,0,0,1,1,0,1,0,0,1,1,0,0,1,0,1,0,1,0,1,0,0,0,0,0,1,1,1,V,1
ABCCCD10151794209,1,0,1,0,0,1,0,1,0,1,0,1,1,0,1,0,1,0,1,0,1,0,1,0,1,0,1,1,0,0,0,0,0,0,1,0,1,D,1
AABCDECCD1125313914,1,0,1,0,0,1,1,0,0,1,0,1,1,1,0,1,0,0,1,0,1,0,1,0,1,0,1,1,0,0,0,0,0,0,1,0,0,V,1
AABCDECCD1206317494,1,0,1,0,0,1,1,0,0,1,0,1,1,1,0,1,0,0,1,0,1,0,1,0,1,0,1,1,0,0,0,0,0,0,1,0,1,D,1
ABCCCD0522261306,1,0,1,0,0,1,0,1,0,1,0,1,1,0,1,0,1,0,1,1,0,0,1,0,1,0,1,1,0,0,0,0,0,0,1,0,0,V,1
ABCCCD0731156902,1,0,1,0,0,1,0,1,0,1,0,1,1,0,1,0,1,0,1,1,0,1,0,0,1,0,1,1,0,0,0,0,0,0,1,0,0,D,1
ABCCCD01252972346,1,0,1,0,0,1,0,1,0,1,0,1,1,0,1,0,1,0,1,0,1,0,1,0,1,0,1,1,0,0,0,0,0,0,1,0,0,D,1
ABCCCD06131563910,1,0,1,0,1,0,0,1,0,1,0,1,1,0,1,0,1,0,1,0,1,0,1,0,1,0,1,1,0,0,0,0,0,0,1,0,0,D,1
ABCAABC0507863473,1,0,1,0,0,1,0,1,0,1,0,1,1,0,1,0,1,0,1,0,1,0,1,0,1,0,1,1,0,0,0,0,0,0,1,0,1,D,1
ABCAABC09171081726,1,0,1,0,1,0,0,1,0,1,0,1,1,0,1,0,1,0,1,0,1,0,1,1,0,0,1,1,0,0,0,0,0,0,1,0,0,V,1
ABCAABC1024126607,1,0,1,0,0,1,0,1,0,1,0,1,1,0,1,0,1,0,1,0,1,0,1,1,0,0,1,1,0,0,0,0,0,0,1,0,1,D,1
AABCDECCD10098835,1,0,1,0,0,1,1,0,0,1,0,1,1,1,0,0,1,0,1,0,1,0,1,0,1,0,1,1,0,0,0,0,0,0,1,1,1,D,1
AABCDECCD10098836,0,0,0,0,0,0,0,0,0,0,0,0,1,1,0,0,1,0,1,1,0,1,0,0,1,0,1,0,1,0,0,0,0,0,1,1,0,D,1
AABCDECCD10098843,1,0,1,0,0,1,1,0,0,1,0,1,1,1,0,1,0,0,1,0,1,0,1,0,1,0,1,1,0,0,0,0,0,0,1,1,1,V,1
AABCDECCD10098848,0,0,0,0,0,0,0,0,0,0,0,0,1,1,0,0,1,0,1,1,0,0,1,0,1,0,1,0,1,0,0,0,0,0,1,1,1,D,1
AABCDECCD1014211148,1,0,1,0,0,1,1,0,0,1,1,0,1,1,0,0,1,0,1,0,1,0,1,0,1,0,1,1,0,0,0,0,0,0,1,1,0,D,1
AABCDECCD1118711646,0,0,0,0,0,0,0,0,0,0,0,0,1,1,0,1,0,0,1,0,1,0,1,0,1,0,1,0,1,0,0,0,0,0,1,1,1,D,1
AABCDECCD1118711652,0,0,0,0,0,0,0,0,0,0,0,0,1,1,0,1,0,0,1,0,1,0,1,0,1,0,1,0,1,0,0,0,0,0,1,1,1,D,1
AABCDECCD022411865,1,0,1,0,0,1,1,0,0,1,0,1,1,1,0,1,0,0,1,0,1,0,1,0,1,0,1,1,0,0,0,0,0,0,1,1,1,D,1
AABCDECCD022411866,1,0,1,0,0,1,1,0,0,1,0,1,1,1,0,1,0,0,1,0,1,0,1,0,1,0,1,1,0,0,0,0,0,0,1,1,0,V,1
AABCDECCD022411882,1,0,1,0,0,1,1,0,0,1,1,0,1,1,0,1,0,0,1,1,0,0,1,0,1,0,1,1,0,0,0,0,0,0,1,1,1,D,1
ABCCCD1105812423,1,1,0,0,0,0,0,0,0,0,0,1,1,0,1,0,1,0,1,1,0,0,1,0,1,0,1,1,0,0,1,0,0,0,1,0,0,V,1
ABCCCD0113477539,1,1,0,0,0,0,0,0,0,0,0,1,1,0,1,0,1,0,1,1,0,0,1,0,1,0,1,1,0,0,1,0,0,0,1,0,1,D,1
ABCCCD0321375722,1,1,0,0,0,0,0,0,0,0,0,1,1,0,1,0,1,0,1,0,1,0,1,0,1,0,1,1,0,0,1,0,0,0,1,0,1,D,1
ABCCCD0428890749,1,1,0,0,0,0,0,0,0,0,0,1,1,0,1,0,1,0,1,1,0,0,1,0,1,0,1,1,0,0,1,0,0,0,1,0,1,D,1
ABCCCD0528819356,1,1,0,0,0,0,0,0,0,0,0,1,1,0,1,0,1,0,1,1,0,0,1,0,1,0,1,1,0,0,1,0,0,0,1,0,0,V,1
ABCCCD0909253760,1,1,0,0,0,0,0,0,0,0,0,1,1,0,1,0,1,0,1,0,1,0,1,0,1,0,1,1,0,0,1,0,0,0,1,0,0,D,1
ABCCCD0911148000,1,1,0,0,0,0,0,0,0,0,0,1,1,0,1,0,1,0,1,1,0,0,1,0,1,0,1,1,0,0,1,0,0,0,1,0,0,V,1
ABCCCD1013151068,1,1,0,0,0,0,0,0,0,0,0,1,1,0,1,0,1,0,1,1,0,0,1,0,1,0,1,1,0,0,1,0,0,0,1,0,1,D,1
ABCCCD11261079556,1,1,0,0,0,0,0,0,0,0,0,1,1,0,1,0,1,0,1,1,0,0,1,0,1,0,1,1,0,0,1,0,0,0,1,0,1,D,1
ABCCCD12131127225,1,1,0,0,0,0,0,0,0,0,0,1,1,0,1,0,1,0,1,1,0,0,1,0,1,0,1,1,0,0,1,0,0,0,1,0,0,D,1
ABCCCD12161058838,1,1,0,0,0,0,0,0,0,0,0,1,1,0,1,0,1,0,1,1,0,0,1,0,1,0,1,1,0,0,1,0,0,0,1,0,0,V,1
ABCAABC0305979318,1,1,0,0,0,0,0,0,0,0,0,1,1,0,1,0,1,0,1,1,0,0,1,0,1,0,1,1,0,0,1,0,0,0,1,0,0,D,1
ABCAABC0526556489,1,1,0,0,0,0,0,0,0,0,0,1,1,0,1,0,1,0,1,1,0,0,1,0,1,0,1,1,0,0,1,0,0,0,1,0,0,D,1
AABCDECCD0120150,1,0,1,0,0,1,1,0,0,1,1,0,1,0,1,1,0,0,1,0,1,0,1,0,1,0,1,1,0,0,0,0,0,0,1,1,0,V,1
AABCDECCD0120202093,0,0,0,0,0,0,0,0,0,0,0,0,1,1,0,0,1,0,1,0,1,0,1,0,1,0,1,0,1,0,0,0,0,0,1,1,0,D,1
AABCDECCD01CCD2203,0,0,0,0,0,0,0,0,0,0,0,0,1,0,1,0,1,0,1,0,1,0,1,0,1,0,1,0,1,0,0,0,0,0,1,1,1,D,1
AABCDECCD0120202845,0,0,0,0,0,0,0,0,0,0,0,0,1,0,1,1,0,0,1,0,1,0,1,0,1,0,1,0,1,0,0,0,0,0,1,1,0,V,1
AABCDECCD0218203286,0,0,0,0,0,0,0,0,0,0,0,0,1,0,1,1,0,0,1,0,1,0,1,0,1,0,1,0,1,0,0,0,0,0,1,1,1,V,1
AABCDECCD0219202316,0,0,0,0,0,0,0,0,0,0,0,0,1,0,1,1,0,0,1,0,1,0,1,0,1,0,1,0,1,0,0,0,0,0,1,1,1,D,1
AABCDECCD02229167,0,0,0,0,0,0,0,0,0,0,0,0,1,0,1,1,0,0,1,0,1,0,1,0,1,0,1,0,1,0,0,0,0,0,1,1,1,D,1
AABCDECCD02238900,0,0,0,0,0,0,0,0,0,0,0,0,1,0,1,1,0,0,1,0,1,0,1,0,1,0,1,0,1,0,0,0,0,0,1,1,0,V,1
AABCDECCD0224212027,0,0,0,0,0,0,0,0,0,0,0,0,1,0,1,1,0,0,1,0,1,0,1,0,1,0,1,0,1,0,0,0,0,0,1,1,1,D,1
AABCDECCD0225212154,0,0,0,0,0,0,0,0,0,0,0,0,1,0,1,1,0,0,1,0,1,0,1,0,1,0,1,0,1,0,0,0,0,0,1,1,0,V,1
AABCDECCD0226109607,0,0,0,0,0,0,0,0,0,0,0,0,1,0,1,1,0,0,1,0,1,0,1,0,1,0,1,0,1,0,0,0,0,0,1,1,1,D,1
AABCDECCD030111814,0,0,0,0,0,0,0,0,0,0,0,0,1,0,1,1,0,0,1,0,1,0,1,0,1,0,1,0,1,0,0,0,0,0,1,1,1,D,1
AABCDECCD0302104519,0,0,0,0,0,0,0,0,0,0,0,0,1,0,1,1,0,0,1,0,1,0,1,0,1,0,1,0,1,0,0,0,0,0,1,1,1,D,1
AABCDECCD0303302331,0,0,0,0,0,0,0,0,0,0,0,0,1,0,1,1,0,0,1,0,1,0,1,0,1,0,1,0,1,0,0,0,0,0,1,1,0,D,1
AABCDECCD0304314981,0,0,0,0,0,0,0,0,0,0,0,0,1,0,1,1,0,0,1,0,1,0,1,0,1,0,1,0,1,0,0,0,0,0,1,1,1,V,1
AABCDECCD0305201540,0,0,0,0,0,0,0,0,0,0,0,0,1,0,1,1,0,0,1,0,1,0,1,0,1,0,1,0,1,0,0,0,0,0,1,1,1,V,1
AABCDECCD0308202128,0,0,0,0,0,0,0,0,0,0,0,0,1,0,1,1,0,0,1,0,1,0,1,0,1,0,1,0,1,0,0,0,0,0,1,1,1,V,1
AABCDECCD0309201512,0,0,0,0,0,0,0,0,0,0,0,0,1,0,1,1,0,0,1,0,1,0,1,0,1,0,1,0,1,0,0,0,0,0,1,1,0,D,1
AABCDECCD0310212229,0,0,0,0,0,0,0,0,0,0,0,0,1,0,1,1,0,0,1,0,1,0,1,0,1,0,1,0,1,0,0,0,0,0,1,1,0,D,1
AABCDECCD0311311289,0,0,0,0,0,0,0,0,0,0,0,0,1,0,1,1,0,0,1,0,1,0,1,0,1,0,1,0,1,0,0,0,0,0,1,1,0,D,1
